place(-5.242,1.000,-23.283,"Scout",600)
place(-5.105,1.000,-26.359,"Scout",350)
place(-10.101,1.000,-17.905,"Scout",300)
place(-6.931,1.000,-17.810,"Scout",152)
place(-3.860,1.000,-17.837,"Scout",337)
place(-0.799,1.000,-17.842,"Scout",597)
place(-1.865,1.000,-23.194,"Scout",535)
place(-1.788,1.000,-26.332,"Scout",330)
place(1.309,1.000,-23.088,"Scout",879)
place(1.402,1.000,-26.330,"Scout",644)
place(-11.813,1.000,-26.066,"Scout",439)
place(-11.603,1.000,-23.037,"Scout",929)
place(-12.421,1.000,-19.918,"Scout",930)
place(-11.844,1.000,-15.167,"Scout",720)
place(-8.762,1.000,-14.931,"Scout",551)
place(4.483,1.000,-23.396,"Scout",321)
upgrade(4.483,2.350,-23.396,1,1255)
upgrade(4.483,2.350,-23.396,1,1105)
upgrade(1.309,2.350,-23.088,1,755)
upgrade(1.309,2.350,-23.088,1,1625)
upgrade(-1.865,2.350,-23.194,1,1321)
upgrade(-1.865,2.350,-23.194,1,839)
upgrade(-5.242,2.350,-23.283,1,1021)
upgrade(-5.242,2.350,-23.283,1,901)
upgrade(-5.105,2.350,-26.359,1,551)
upgrade(-5.105,2.350,-26.359,1,1919)
upgrade(-1.788,2.350,-26.332,1,1419)
upgrade(-1.788,2.350,-26.332,1,1419)
upgrade(1.402,2.350,-26.330,1,1099)
upgrade(1.402,2.350,-26.330,1,1013)
upgrade(-0.799,2.350,-17.842,1,568)
upgrade(-0.799,2.350,-17.842,1,2119)
upgrade(-3.860,2.350,-17.837,1,1619)
upgrade(-3.860,2.350,-17.837,1,1469)
upgrade(-6.931,2.350,-17.810,1,1319)
upgrade(-6.931,2.350,-17.810,1,687)
upgrade(-10.101,2.350,-17.905,1,859)
upgrade(-10.101,2.350,-17.905,1,714)
upgrade(-8.762,2.350,-14.931,1,2097)
upgrade(-8.762,2.350,-14.931,1,1949)
upgrade(-11.844,2.350,-15.167,1,1497)
upgrade(-11.844,2.350,-15.167,1,940)
upgrade(-12.421,2.350,-19.918,1,1005)
upgrade(-12.421,2.350,-19.918,1,523)
upgrade(-11.603,2.350,-23.037,1,580)
upgrade(-11.603,2.350,-23.037,1,455)
upgrade(-11.603,2.350,-23.037,1,555)
upgrade(-11.813,2.350,-26.066,1,2120)
upgrade(-11.813,2.350,-26.066,1,1972)
upgrade(-11.813,2.350,-26.066,1,4226)
upgrade(-11.603,2.350,-23.037,1,2461)
upgrade(-12.421,2.350,-19.918,1,3160)
upgrade(-10.101,2.350,-17.905,1,3579)
upgrade(-6.931,2.350,-17.810,1,2598)
upgrade(-3.860,2.350,-17.837,1,3661)
upgrade(-0.799,2.350,-17.842,1,2506)
upgrade(-5.242,2.350,-23.283,1,3757)
upgrade(-1.865,2.350,-23.194,1,5208)
upgrade(1.309,2.350,-23.088,1,3719)
upgrade(-5.105,2.350,-26.359,1,2568)
upgrade(-1.788,2.350,-26.332,1,4537)
upgrade(1.402,2.350,-26.330,1,2412)
upgrade(4.483,2.350,-23.396,1,5628)
upgrade(-11.844,2.350,-15.167,1,3303)
upgrade(-8.762,2.350,-14.931,1,3128)
upgrade(-8.762,2.350,-14.931,1,268)
upgrade(-11.844,2.350,-15.167,1,6937)
upgrade(-10.101,2.350,-17.905,1,5937)
upgrade(-6.931,2.350,-17.810,1,559)
upgrade(-3.860,2.350,-17.837,1,6234)
upgrade(-0.799,2.350,-17.842,1,6087)
upgrade(-5.242,2.350,-23.283,1,6241)
upgrade(-1.865,2.350,-23.194,1,8501)
upgrade(1.309,2.350,-23.088,1,8001)
upgrade(4.483,2.350,-23.396,1,7501)
upgrade(-12.421,2.350,-19.918,1,9501)
upgrade(-11.603,2.350,-23.037,1,6501)
