place(-5.499,1.000,-23.186,"Scout",600)
place(-5.096,1.000,-26.359,"Scout",355)
place(-2.456,1.000,-23.285,"Scout",367)
place(-2.002,1.000,-26.365,"Scout",467)
place(0.716,1.000,-23.242,"Scout",337)
place(1.299,1.000,-26.383,"Scout",112)
place(1.190,1.000,-26.510,"Scout",147)
place(1.190,1.000,-26.510,"Scout",597)
place(3.763,1.000,-23.100,"Scout",518)
place(4.413,1.000,-26.199,"Scout",290)
place(-11.120,1.000,-25.952,"Scout",670)
place(-11.291,1.000,-22.859,"Scout",649)
place(-11.546,1.000,-19.672,"Scout",449)
place(-11.547,1.000,-16.502,"Scout",1180)
place(-8.406,1.000,-16.684,"Scout",930)
place(-5.406,1.000,-16.758,"Scout",735)
place(-2.177,1.000,-16.856,"Scout",567)
place(1.120,1.000,-16.745,"Scout",1452)
upgrade(1.120,2.350,-16.745,1,1102)
upgrade(1.120,2.350,-16.745,1,1097)
upgrade(-2.177,2.350,-16.856,1,607)
upgrade(-2.177,2.350,-16.856,1,1621)
upgrade(-5.406,2.350,-16.758,1,1473)
upgrade(-5.406,2.350,-16.758,1,1323)
upgrade(-8.406,2.350,-16.684,1,823)
upgrade(-8.406,2.350,-16.684,1,842)
upgrade(-11.547,2.350,-16.502,1,403)
upgrade(-11.547,2.350,-16.502,1,1919)
upgrade(-11.546,2.350,-19.672,1,1421)
upgrade(-11.546,2.350,-19.672,1,1271)
upgrade(-11.291,2.350,-22.859,1,1165)
upgrade(-11.291,2.350,-22.859,1,1045)
upgrade(-11.120,2.350,-25.952,1,1653)
upgrade(-11.120,2.350,-25.952,1,2121)
upgrade(-5.499,2.350,-23.186,1,1621)
upgrade(-5.499,2.350,-23.186,1,1135)
upgrade(-5.096,2.350,-26.359,1,1321)
upgrade(-5.096,2.350,-26.359,1,1330)
upgrade(-2.456,2.350,-23.285,1,861)
upgrade(-2.456,2.350,-23.285,1,716)
upgrade(-2.002,2.350,-26.365,1,2099)
upgrade(-2.002,2.350,-26.365,1,2024)
upgrade(0.716,2.350,-23.242,1,1657)
upgrade(0.716,2.350,-23.242,1,1189)
upgrade(1.190,2.350,-26.510,1,1257)
upgrade(1.190,2.350,-26.510,1,1132)
upgrade(3.763,2.350,-23.100,1,2232)
upgrade(3.763,2.350,-23.100,1,2621)
upgrade(4.413,2.350,-26.199,1,2122)
upgrade(4.413,2.350,-26.199,1,2147)
upgrade(4.413,2.350,-26.199,1,4226)
upgrade(3.763,2.350,-23.100,1,2413)
upgrade(0.716,2.350,-23.242,1,3162)
upgrade(1.190,2.350,-26.510,1,3566)
upgrade(-2.002,2.350,-26.365,1,2600)
upgrade(-2.456,2.350,-23.285,1,3663)
upgrade(-5.499,2.350,-23.186,1,2508)
upgrade(-5.096,2.350,-26.359,1,3779)
upgrade(1.120,2.350,-16.745,1,5203)
upgrade(-2.177,2.350,-16.856,1,3721)
upgrade(-5.406,2.350,-16.758,1,2568)
upgrade(-8.406,2.350,-16.684,1,4539)
upgrade(-11.547,2.350,-16.502,1,301)
upgrade(-11.546,2.350,-19.672,1,5620)
upgrade(-11.291,2.350,-22.859,1,3305)
upgrade(-11.120,2.350,-25.952,1,3130)
upgrade(-11.120,2.350,-25.952,1,5710)
upgrade(-11.291,2.350,-22.859,1,6760)
upgrade(-11.546,2.350,-19.672,1,5939)
upgrade(-11.547,2.350,-16.502,1,6009)
upgrade(-8.406,2.350,-16.684,1,6236)
upgrade(-5.406,2.350,-16.758,1,9000)
upgrade(-2.177,2.350,-16.856,1,505)
upgrade(1.120,2.350,-16.745,1,10643)
upgrade(3.763,2.350,-23.100,1,10252)
upgrade(4.413,2.350,-26.199,1,9752)
upgrade(0.716,2.350,-23.242,1,11549)
