place(35.738, 3.600, -8.185, "Farm", 700)
upgrade(35.738, 3.856, -8.185, 325)
place(39.469, 3.600, -8.350, "Farm", 500)
upgrade(39.469, 3.856, -8.350, 450)
place(43.120, 3.600, -8.263, "Farm", 550)
upgrade(43.120, 3.856, -8.263, 425)
upgrade(35.738, 3.856, -8.185, 900)
place(19.125, 1.063, -1.346, "Military Base", 800)
upgrade(19.125, 1.926, -1.346, 650)
upgrade(19.125, 1.926, -1.346, 650)
place(18.740, 1.000, 3.141, "Military Base", 500)
place(18.664, 1.000, 3.148, "Military Base", 825)
upgrade(18.664, 1.863, 3.148, 567)
upgrade(18.664, 1.863, 3.148, 825)
upgrade(39.469, 3.856, -8.350, 933)
upgrade(43.120, 3.856, -8.263, 1083)
place(46.728, 3.600, -8.268, "Farm", 692)
upgrade(46.728, 3.856, -8.268, 317)
upgrade(46.728, 3.856, -8.268, 867)
place(35.835, 3.600, -4.572, "Farm", 438)
upgrade(35.835, 3.856, -4.572, 576)
upgrade(35.835, 3.856, -4.572, 1376)
place(39.510, 3.600, -4.560, "Farm", 595)
upgrade(39.510, 3.856, -4.560, 324)
upgrade(39.510, 3.856, -4.560, 1824)
place(43.162, 3.600, -4.488, "Farm", 1035)
upgrade(43.162, 3.856, -4.488, 660)
upgrade(43.162, 3.856, -4.488, 1197)
place(46.784, 3.600, -4.573, "Farm", 2122)
upgrade(46.784, 3.856, -4.573, 1747)
upgrade(46.784, 3.856, -4.573, 983)
upgrade(19.125, 1.926, -1.346, 3400)
upgrade(19.125, 1.926, -1.346, 13192)
upgrade(35.835, 3.856, -4.572, 2064)
upgrade(39.510, 3.856, -4.560, 1678)
upgrade(43.162, 3.856, -4.488, 2678)
upgrade(46.784, 3.856, -4.573, 1870)
upgrade(46.728, 3.856, -8.268, 1511)
upgrade(43.120, 3.856, -8.263, 3261)
upgrade(39.469, 3.856, -8.350, 1761)
upgrade(35.738, 3.856, -8.185, 1533)
place(4.880, 1.000, 11.517, "Commander", 4708)
upgrade(4.880, 2.368, 11.517, 3433)
upgrade(4.880, 2.368, 11.517, 2986)
upgrade(4.880, 2.368, 11.517, 4209)
upgrade(18.664, 1.863, 3.148, 3339)
upgrade(18.664, 1.863, 3.148, 12047)
place(19.351, 1.000, 7.794, "Military Base", 1711)
upgrade(19.351, 1.863, 7.794, 1115)
upgrade(19.351, 1.863, 7.794, 838)
upgrade(19.351, 1.863, 7.794, 2568)
upgrade(19.351, 1.863, 7.794, 4616)
place(14.366, 1.000, 5.348, "Military Base", 2366)
upgrade(14.366, 1.863, 5.348, 1952)
upgrade(14.366, 1.863, 5.348, 1791)
upgrade(14.366, 1.863, 5.348, 2635)
upgrade(14.366, 1.863, 5.348, 10130)
place(15.349, 1.000, 13.094, "Military Base", 1260)
upgrade(15.349, 1.863, 13.094, 660)
upgrade(15.349, 1.863, 13.094, 1134)
upgrade(15.349, 1.863, 13.094, 5419)
upgrade(15.349, 1.863, 13.094, 13777)
place(10.698, 9.918, 1.327, "Ranger", 6754)
upgrade(10.698, 11.268, 1.327, 3384)
upgrade(10.698, 11.268, 1.327, 8967)
place(11.485, 9.918, -1.800, "Ranger", 7767)
upgrade(11.485, 11.268, -1.800, 4957)
upgrade(11.485, 11.268, -1.800, 7521)
place(8.754, 8.510, 1.435, "Ranger", 6944)
place(7.862, 8.510, 1.355, "Ranger", 6944)
upgrade(7.862, 9.860, 1.355, 2693)
upgrade(7.862, 9.860, 1.355, 7116)
place(8.029, 8.510, -1.719, "Ranger", 10363)
upgrade(8.029, 9.860, -1.719, 3613)
upgrade(8.029, 9.860, -1.719, 6513)
place(-3.333, 6.846, 2.683, "Ranger", 11829)
upgrade(-3.333, 8.196, 2.683, 5139)
upgrade(-3.333, 8.196, 2.683, 6315)
place(-2.832, 6.846, -0.415, "Ranger", 7078)
upgrade(-2.832, 8.196, -0.415, 2753)
upgrade(-2.832, 8.196, -0.415, 11063)
place(8.022, 6.474, -6.567, "Ranger", 10331)
upgrade(8.022, 7.824, -6.567, 3581)
upgrade(8.022, 7.824, -6.567, 6531)
upgrade(15.349, 1.863, 13.094, 61632)
upgrade(14.366, 1.863, 5.348, 35130)
upgrade(19.351, 1.863, 7.794, 39128)
upgrade(18.664, 1.863, 3.148, 33805)
upgrade(19.125, 1.926, -1.346, 37669)
place(2.497, 3.600, 2.844, "Commander", 12848)
upgrade(2.497, 4.968, 2.844, 17215)
upgrade(2.497, 4.968, 2.844, 16810)
place(0.277, 3.600, 0.605, "Commander", 19025)
upgrade(0.277, 4.968, 0.605, 17750)
upgrade(0.277, 4.968, 0.605, 17346)
place(3.455, 3.600, -0.064, "Commander", 20222)
upgrade(3.455, 4.968, -0.064, 20361)
upgrade(3.455, 4.968, -0.064, 20119)
upgrade(7.862, 9.860, 1.355, 24550)
upgrade(7.862, 9.860, 1.355, 41333)
upgrade(8.029, 9.860, -1.719, 18635)
upgrade(8.029, 9.860, -1.719, 42227)
upgrade(10.698, 11.268, 1.327, 21363)
upgrade(10.698, 11.268, 1.327, 42205)
upgrade(11.485, 11.268, -1.800, 19598)
upgrade(11.485, 11.268, -1.800, 42461)
upgrade(-3.333, 8.196, 2.683, 75735)
upgrade(-3.333, 8.196, 2.683, 58523)
upgrade(-2.832, 8.196, -0.415, 20273)
upgrade(-2.832, 8.196, -0.415, 39863)
upgrade(8.022, 7.824, -6.567, 29391)
upgrade(8.022, 7.824, -6.567, 39627)
upgrade(2.497, 4.968, 2.844, 14935)
upgrade(2.497, 4.968, 2.844, 28675)
upgrade(3.455, 4.968, -0.064, 9550)
upgrade(3.455, 4.968, -0.064, 34144)
upgrade(0.277, 4.968, 0.605, 15019)
upgrade(0.277, 4.968, 0.605, 19916)
place(-2.313, 3.600, -1.873, "Turret", 28359)
upgrade(-2.313, 4.550, -1.873, 23705)
upgrade(-2.313, 4.550, -1.873, 22620)
upgrade(-2.313, 4.550, -1.873, 19571)
upgrade(-2.313, 4.550, -1.873, 42335)
upgrade(-2.313, 4.550, -1.873, 69992)
place(1.722, 3.600, -3.216, "Turret", 29338)
upgrade(1.722, 4.550, -3.216, 21936)
upgrade(1.722, 4.550, -3.216, 20500)
upgrade(1.722, 4.550, -3.216, 14015)
upgrade(1.722, 4.550, -3.216, 21679)
upgrade(1.722, 4.550, -3.216, 43222)
upgrade(1.722, 4.550, -3.216, 170150)
place(-1.336, 3.600, -5.841, "Turret", 103213)
upgrade(-1.336, 4.550, -5.841, 95713)
upgrade(-1.336, 4.550, -5.841, 94122)
upgrade(-1.336, 4.550, -5.841, 85522)
upgrade(-1.336, 4.550, -5.841, 65752)
upgrade(-1.336, 4.550, -5.841, 77841)
