place(35.738, 3.600, -8.185, "Farm", 375)
upgrade(35.738, 3.856, -8.185, 300)
place(39.469, 3.600, -8.350, "Farm", 375)
upgrade(39.469, 3.856, -8.350, 300)
place(43.120, 3.600, -8.263, "Farm", 375)
upgrade(43.120, 3.856, -8.263, 300)
upgrade(35.738, 3.856, -8.185, 825)
place(19.125, 1.063, -1.346, "Military Base", 600)
upgrade(19.125, 1.926, -1.346, 300)
upgrade(19.125, 1.926, -1.346, 600)
place(18.740, 1.000, 3.141, "Military Base", 600)
place(18.664, 1.000, 3.148, "Military Base", 600)
upgrade(18.664, 1.863, 3.148, 300)
upgrade(18.664, 1.863, 3.148, 600)
upgrade(39.469, 3.856, -8.350, 825)
upgrade(43.120, 3.856, -8.263, 825)
place(46.728, 3.600, -8.268, "Farm", 375)
upgrade(46.728, 3.856, -8.268, 300)
upgrade(46.728, 3.856, -8.268, 825)
place(35.835, 3.600, -4.572, "Farm", 375)
upgrade(35.835, 3.856, -4.572, 300)
upgrade(35.835, 3.856, -4.572, 825)
place(39.510, 3.600, -4.560, "Farm", 375)
upgrade(39.510, 3.856, -4.560, 300)
upgrade(39.510, 3.856, -4.560, 825)
place(43.162, 3.600, -4.488, "Farm", 375)
upgrade(43.162, 3.856, -4.488, 300)
upgrade(43.162, 3.856, -4.488, 825)
place(46.784, 3.600, -4.573, "Farm", 375)
upgrade(46.784, 3.856, -4.573, 300)
upgrade(46.784, 3.856, -4.573, 825)
upgrade(19.125, 1.926, -1.346, 2625)
upgrade(19.125, 1.926, -1.346, 11250)
upgrade(35.835, 3.856, -4.572, 1500)
upgrade(39.510, 3.856, -4.560, 1500)
upgrade(43.162, 3.856, -4.488, 1500)
upgrade(46.784, 3.856, -4.573, 1500)
upgrade(46.728, 3.856, -8.268, 1500)
upgrade(43.120, 3.856, -8.263, 1500)
upgrade(39.469, 3.856, -8.350, 1500)
upgrade(35.738, 3.856, -8.185, 1500)
place(4.880, 1.000, 11.517, "Commander", 1275)
upgrade(4.880, 2.368, 11.517, 450)
upgrade(4.880, 2.368, 11.517, 3750)
upgrade(4.880, 2.368, 11.517, 8250)
upgrade(18.664, 1.863, 3.148, 2625)
upgrade(18.664, 1.863, 3.148, 11250)
place(19.351, 1.000, 7.794, "Military Base", 600)
upgrade(19.351, 1.863, 7.794, 300)
upgrade(19.351, 1.863, 7.794, 600)
upgrade(19.351, 1.863, 7.794, 2625)
upgrade(19.351, 1.863, 7.794, 11250)
place(14.366, 1.000, 5.348, "Military Base", 600)
upgrade(14.366, 1.863, 5.348, 300)
upgrade(14.366, 1.863, 5.348, 600)
upgrade(14.366, 1.863, 5.348, 2625)
upgrade(14.366, 1.863, 5.348, 11250)
place(15.349, 1.000, 13.094, "Military Base", 600)
upgrade(15.349, 1.863, 13.094, 300)
upgrade(15.349, 1.863, 13.094, 600)
upgrade(15.349, 1.863, 13.094, 2625)
upgrade(15.349, 1.863, 13.094, 11250)
place(10.698, 9.918, 1.327, "Ranger", 6750)
upgrade(10.698, 11.268, 1.327, 2250)
upgrade(10.698, 11.268, 1.327, 6750)
place(11.485, 9.918, -1.800, "Ranger", 6750)
upgrade(11.485, 11.268, -1.800, 2250)
upgrade(11.485, 11.268, -1.800, 6750)
place(8.754, 8.510, 1.435, "Ranger", 6750)
place(7.862, 8.510, 1.355, "Ranger", 6750)
upgrade(7.862, 9.860, 1.355, 2250)
upgrade(7.862, 9.860, 1.355, 6750)
place(8.029, 8.510, -1.719, "Ranger", 6750)
upgrade(8.029, 9.860, -1.719, 2250)
upgrade(8.029, 9.860, -1.719, 6750)
place(-3.333, 6.846, 2.683, "Ranger", 6750)
upgrade(-3.333, 8.196, 2.683, 2250)
upgrade(-3.333, 8.196, 2.683, 6750)
place(-2.832, 6.846, -0.415, "Ranger", 6750)
upgrade(-2.832, 8.196, -0.415, 2250)
upgrade(-2.832, 8.196, -0.415, 6750)
place(8.022, 6.474, -6.567, "Ranger", 6750)
upgrade(8.022, 7.824, -6.567, 2250)
upgrade(8.022, 7.824, -6.567, 6750)
upgrade(15.349, 1.863, 13.094, 37500)
upgrade(14.366, 1.863, 5.348, 37500)
upgrade(19.351, 1.863, 7.794, 37500)
upgrade(18.664, 1.863, 3.148, 37500)
upgrade(19.125, 1.926, -1.346, 37500)
place(2.497, 3.600, 2.844, "Commander", 1275)
upgrade(2.497, 4.968, 2.844, 450)
upgrade(2.497, 4.968, 2.844, 3750)
place(0.277, 3.600, 0.605, "Commander", 1275)
upgrade(0.277, 4.968, 0.605, 450)
upgrade(0.277, 4.968, 0.605, 3750)
place(3.455, 3.600, -0.064, "Commander", 1275)
upgrade(3.455, 4.968, -0.064, 450)
upgrade(3.455, 4.968, -0.064, 3750)
upgrade(7.862, 9.860, 1.355, 20250)
upgrade(7.862, 9.860, 1.355, 45000)
upgrade(8.029, 9.860, -1.719, 20250)
upgrade(8.029, 9.860, -1.719, 45000)
upgrade(10.698, 11.268, 1.327, 20250)
upgrade(10.698, 11.268, 1.327, 45000)
upgrade(11.485, 11.268, -1.800, 20250)
upgrade(11.485, 11.268, -1.800, 45000)
upgrade(-3.333, 8.196, 2.683, 20250)
upgrade(-3.333, 8.196, 2.683, 45000)
upgrade(-2.832, 8.196, -0.415, 20250)
upgrade(-2.832, 8.196, -0.415, 45000)
upgrade(8.022, 7.824, -6.567, 20250)
upgrade(8.022, 7.824, -6.567, 45000)
upgrade(2.497, 4.968, 2.844, 8250)
upgrade(2.497, 4.968, 2.844, 22500)
upgrade(3.455, 4.968, -0.064, 8250)
upgrade(3.455, 4.968, -0.064, 22500)
upgrade(0.277, 4.968, 0.605, 8250)
upgrade(0.277, 4.968, 0.605, 22500)
place(-2.313, 3.600, -1.873, "Turret", 7500)
upgrade(-2.313, 4.550, -1.873, 1875)
upgrade(-2.313, 4.550, -1.873, 10875)
upgrade(-2.313, 4.550, -1.873, 22500)
upgrade(-2.313, 4.550, -1.873, 45000)
upgrade(-2.313, 4.550, -1.873, 78750)
place(1.722, 3.600, -3.216, "Turret", 7500)
upgrade(1.722, 4.550, -3.216, 1875)
upgrade(1.722, 4.550, -3.216, 10875)
upgrade(1.722, 4.550, -3.216, 22500)
upgrade(1.722, 4.550, -3.216, 45000)
upgrade(1.722, 4.550, -3.216, 78750)
upgrade(1.722, 4.550, -3.216, 170150)
place(-1.336, 3.600, -5.841, "Turret", 7500)
upgrade(-1.336, 4.550, -5.841, 1875)
upgrade(-1.336, 4.550, -5.841, 10875)
upgrade(-1.336, 4.550, -5.841, 22500)
upgrade(-1.336, 4.550, -5.841, 45000)
upgrade(-1.336, 4.550, -5.841, 78750)
