place(-5.700, 1.000, -23.244, "Scout", 600)
place(-5.178, 1.000, -26.427, "Scout", 350)
place(-11.719, 1.000, -26.088, "Scout", 300)
place(-11.489, 1.000, -23.071, "Scout", 112)
place(-11.351, 1.000, -23.009, "Scout", 458)
place(-11.161, 1.000, -19.806, "Scout", 327)
place(-11.420, 1.000, -16.740, "Scout", 597)
place(-8.189, 1.000, -16.811, "Scout", 504)
place(-5.100, 1.000, -16.776, "Scout", 269)
place(-2.006, 1.000, -16.965, "Scout", 670)
place(1.039, 1.000, -17.075, "Scout", 630)
place(-2.435, 1.000, -23.203, "Scout", 419)
place(-2.032, 1.000, -26.376, "Scout", 929)
place(0.617, 1.000, -23.310, "Scout", 930)
place(1.085, 1.000, -26.329, "Scout", 680)
place(3.643, 1.000, -23.396, "Scout", 484)
place(4.277, 1.000, -26.524, "Scout", 313)
upgrade(4.277, 2.350, -26.524, 1226)
upgrade(4.277, 2.350, -26.524, 1079)
upgrade(3.643, 2.350, -23.396, 577)
upgrade(3.643, 2.350, -23.396, 637)
upgrade(0.617, 2.350, -23.310, 1471)
upgrade(0.617, 2.350, -23.310, 1325)
upgrade(1.085, 2.350, -26.329, 823)
upgrade(1.085, 2.350, -26.329, 673)
upgrade(-2.435, 2.350, -23.203, 357)
upgrade(-2.435, 2.350, -23.203, 1528)
upgrade(-2.032, 2.350, -26.376, 1421)
upgrade(-2.032, 2.350, -26.376, 1271)
upgrade(-5.700, 2.350, -23.244, 771)
upgrade(-5.700, 2.350, -23.244, 763)
upgrade(-5.178, 2.350, -26.427, 271)
upgrade(-5.178, 2.350, -26.427, 2019)
upgrade(-11.719, 2.350, -26.088, 1621)
upgrade(-11.719, 2.350, -26.088, 1472)
upgrade(-11.351, 2.350, -23.009, 971)
upgrade(-11.351, 2.350, -23.009, 821)
upgrade(-11.161, 2.350, -19.806, 500)
upgrade(-11.161, 2.350, -19.806, 531)
upgrade(-11.420, 2.350, -16.740, 201)
upgrade(-11.420, 2.350, -16.740, 1461)
upgrade(-8.189, 2.350, -16.811, 1449)
upgrade(-8.189, 2.350, -16.811, 1300)
upgrade(-5.100, 2.350, -16.776, 824)
upgrade(-5.100, 2.350, -16.776, 699)
upgrade(-2.006, 2.350, -16.965, 297)
upgrade(-2.006, 2.350, -16.965, 532)
upgrade(1.039, 2.350, -17.075, 2071)
upgrade(1.039, 2.350, -17.075, 1972)
upgrade(1.039, 2.350, -17.075, 4131)
upgrade(-2.006, 2.350, -16.965, 2388)
upgrade(-5.100, 2.350, -16.776, 3161)
upgrade(-8.189, 2.350, -16.811, 3566)
upgrade(-11.420, 2.350, -16.740, 2600)
upgrade(-11.161, 2.350, -19.806, 3662)
upgrade(-11.351, 2.350, -23.009, 2770)
upgrade(-11.719, 2.350, -26.088, 3735)
upgrade(-5.700, 2.350, -23.244, 4672)
upgrade(-2.435, 2.350, -23.203, 3721)
upgrade(0.617, 2.350, -23.310, 3411)
upgrade(3.643, 2.350, -23.396, 4346)
upgrade(-5.178, 2.350, -26.427, 2414)
upgrade(-2.032, 2.350, -26.376, 5505)
upgrade(1.085, 2.350, -26.329, 3305)
upgrade(4.277, 2.350, -26.524, 3127)
upgrade(4.277, 2.350, -26.524, 5701)
upgrade(3.643, 2.350, -23.396, 6844)
upgrade(0.617, 2.350, -23.310, 5939)
upgrade(1.085, 2.350, -26.329, 5949)
upgrade(-2.435, 2.350, -23.203, 6236)
upgrade(-2.032, 2.350, -26.376, 5838)
upgrade(-5.700, 2.350, -23.244, 5789)
upgrade(-5.178, 2.350, -26.427, 5752)
upgrade(1.039, 2.350, -17.075, 7752)
upgrade(-2.006, 2.350, -16.965, 7252)
upgrade(-5.100, 2.350, -16.776, 6752)
upgrade(-8.189, 2.350, -16.811, 6252)
