place(34.705, 3.600, -9.273, "Farm", 375)
upgrade(34.705, 4.659, -9.273, 300)
place(38.335, 3.600, -9.358, "Farm", 375)
upgrade(38.335, 4.659, -9.358, 300)
place(42.017, 3.600, -9.308, "Farm", 375)
upgrade(42.017, 4.659, -9.308, 300)
upgrade(34.705, 4.659, -9.273, 825)
place(18.969, 1.063, -1.258, "Military Base", 600)
upgrade(18.969, 1.926, -1.258, 300)
upgrade(18.969, 1.926, -1.258, 600)
place(19.070, 1.000, 3.254, "Military Base", 600)
upgrade(19.070, 1.863, 3.254, 300)
upgrade(19.070, 1.863, 3.254, 600)
upgrade(38.335, 4.659, -9.358, 825)
upgrade(42.017, 4.659, -9.308, 825)
place(45.730, 3.600, -9.310, "Farm", 375)
upgrade(45.730, 4.659, -9.310, 300)
upgrade(45.730, 4.659, -9.310, 825)
place(34.845, 3.600, -5.731, "Farm", 375)
upgrade(34.845, 4.659, -5.731, 300)
upgrade(34.845, 4.659, -5.731, 825)
place(38.476, 3.600, -5.608, "Farm", 375)
upgrade(38.476, 4.659, -5.608, 300)
upgrade(38.476, 4.659, -5.608, 825)
place(42.137, 3.600, -5.617, "Farm", 375)
upgrade(42.137, 4.659, -5.617, 300)
upgrade(42.137, 4.659, -5.617, 825)
place(46.003, 3.600, -5.528, "Farm", 375)
upgrade(46.003, 4.659, -5.528, 300)
upgrade(46.003, 4.659, -5.528, 825)
upgrade(19.070, 1.863, 3.254, 2625)
upgrade(19.070, 1.863, 3.254, 11250)
upgrade(34.845, 4.659, -5.731, 1500)
upgrade(38.476, 4.659, -5.608, 1500)
upgrade(42.137, 4.659, -5.617, 1500)
upgrade(46.003, 4.659, -5.528, 1500)
upgrade(45.730, 4.659, -9.310, 1500)
upgrade(42.017, 4.659, -9.308, 1500)
upgrade(38.335, 4.659, -9.358, 1500)
upgrade(34.705, 4.659, -9.273, 1500)
place(4.947, 1.000, 11.454, "Commander", 1275)
upgrade(4.947, 2.368, 11.454, 450)
upgrade(4.947, 2.368, 11.454, 3750)
place(16.505, 1.000, 13.589, "Military Base", 600)
place(16.445, 1.000, 12.841, "Military Base", 600)
upgrade(16.445, 1.863, 12.841, 300)
upgrade(16.445, 1.863, 12.841, 600)
upgrade(16.445, 1.863, 12.841, 2625)
upgrade(16.445, 1.863, 12.841, 11250)
upgrade(18.969, 1.926, -1.258, 2625)
upgrade(18.969, 1.926, -1.258, 11250)
place(11.861, 1.000, 12.111, "Military Base", 600)
upgrade(11.861, 1.863, 12.111, 300)
upgrade(11.861, 1.863, 12.111, 600)
upgrade(11.861, 1.863, 12.111, 2625)
upgrade(11.861, 1.863, 12.111, 11250)
place(14.501, 1.000, 5.360, "Military Base", 600)
upgrade(14.501, 1.863, 5.360, 300)
upgrade(14.501, 1.863, 5.360, 600)
upgrade(14.501, 1.863, 5.360, 2625)
upgrade(14.501, 1.863, 5.360, 11250)
place(12.876, 9.918, 0.287, "Ranger", 6750)
upgrade(12.876, 11.268, 0.287, 2250)
upgrade(12.876, 11.268, 0.287, 6750)
place(9.983, 9.918, 1.086, "Ranger", 6750)
upgrade(9.983, 11.268, 1.086, 2250)
upgrade(9.983, 11.268, 1.086, 6750)
place(10.753, 9.918, -1.928, "Ranger", 6750)
upgrade(10.753, 11.268, -1.928, 2250)
upgrade(10.753, 11.268, -1.928, 6750)
place(7.202, 8.510, 1.423, "Ranger", 6750)
upgrade(7.202, 9.860, 1.423, 2250)
upgrade(7.202, 9.860, 1.423, 6750)
place(7.233, 8.510, -1.657, "Ranger", 6750)
upgrade(7.233, 9.860, -1.657, 2250)
upgrade(7.233, 9.860, -1.657, 6750)
place(-3.357, 6.846, 2.698, "Ranger", 6750)
upgrade(-3.357, 8.196, 2.698, 2250)
upgrade(-3.357, 8.196, 2.698, 6750)
place(-2.948, 6.846, -0.369, "Ranger", 6750)
upgrade(-2.948, 8.196, -0.369, 2250)
upgrade(-2.948, 8.196, -0.369, 6750)
upgrade(11.861, 1.863, 12.111, 37500)
upgrade(16.445, 1.863, 12.841, 37500)
upgrade(14.501, 1.863, 5.360, 37500)
upgrade(19.070, 1.863, 3.254, 37500)
upgrade(18.969, 1.926, -1.258, 37500)
place(4.566, 3.600, 2.281, "Commander", 1275)
upgrade(4.566, 4.968, 2.281, 450)
upgrade(4.566, 4.968, 2.281, 3750)
upgrade(4.566, 4.968, 2.281, 8250)
place(1.372, 3.600, 2.359, "Commander", 1275)
upgrade(1.372, 4.968, 2.359, 450)
upgrade(1.372, 4.968, 2.359, 3750)
upgrade(1.372, 4.968, 2.359, 8250)
place(2.963, 3.600, -0.282, "Commander", 1275)
upgrade(2.963, 4.968, -0.282, 450)
upgrade(2.963, 4.968, -0.282, 3750)
upgrade(2.963, 4.968, -0.282, 8250)
upgrade(7.202, 9.860, 1.423, 20250)
upgrade(7.202, 9.860, 1.423, 45000)
upgrade(7.233, 9.860, -1.657, 20250)
upgrade(7.233, 9.860, -1.657, 45000)
upgrade(9.983, 11.268, 1.086, 20250)
upgrade(9.983, 11.268, 1.086, 45000)
upgrade(10.753, 11.268, -1.928, 20250)
upgrade(10.753, 11.268, -1.928, 45000)
upgrade(12.876, 11.268, 0.287, 20250)
upgrade(12.876, 11.268, 0.287, 45000)
upgrade(-3.357, 8.196, 2.698, 20250)
upgrade(-3.357, 8.196, 2.698, 45000)
upgrade(-2.948, 8.196, -0.369, 20250)
upgrade(-2.948, 8.196, -0.369, 45000)
upgrade(1.372, 4.968, 2.359, 22500)
upgrade(2.963, 4.968, -0.282, 22500)
upgrade(4.566, 4.968, 2.281, 22500)
place(-0.139, 3.600, -0.441, "Engineer", 900)
upgrade(-0.139, 4.953, -0.441, 525)
upgrade(-0.139, 4.953, -0.441, 825)
upgrade(-0.139, 4.953, -0.441, 3375)
upgrade(-0.139, 4.953, -0.441, 7125)
upgrade(-0.139, 4.953, -0.441, 20250)
upgrade(-0.139, 4.953, -0.441, 52500)
place(5.679, 3.600, -1.838, "Engineer", 900)
upgrade(5.679, 4.953, -1.838, 525)
upgrade(5.679, 4.953, -1.838, 825)
upgrade(5.679, 4.953, -1.838, 3375)
upgrade(5.679, 4.953, -1.838, 7125)
upgrade(5.679, 4.953, -1.838, 20250)
upgrade(5.679, 4.953, -1.838, 52500)
place(3.988, 3.600, -4.334, "Engineer", 900)
upgrade(3.988, 4.953, -4.334, 525)
upgrade(3.988, 4.953, -4.334, 825)
upgrade(3.988, 4.953, -4.334, 3375)
upgrade(3.988, 4.953, -4.334, 7125)
upgrade(3.988, 4.953, -4.334, 20250)
upgrade(3.988, 4.953, -4.334, 52500)
place(1.087, 3.600, -3.226, "Engineer", 900)
upgrade(1.087, 4.953, -3.226, 525)
upgrade(1.087, 4.953, -3.226, 825)
upgrade(1.087, 4.953, -3.226, 3375)
upgrade(1.087, 4.953, -3.226, 7125)
upgrade(1.087, 4.953, -3.226, 20250)
upgrade(1.087, 4.953, -3.226, 52500)
place(-2.027, 3.600, -2.934, "Engineer", 900)
upgrade(-2.027, 4.953, -2.934, 525)
upgrade(-2.027, 4.953, -2.934, 825)
upgrade(-2.027, 4.953, -2.934, 3375)
upgrade(-2.027, 4.953, -2.934, 7125)
upgrade(-2.027, 4.953, -2.934, 20250)
upgrade(-2.027, 4.953, -2.934, 52500)
place(-1.989, 3.600, 2.033, "Engineer", 900)
upgrade(-1.989, 4.953, 2.033, 525)
upgrade(-1.989, 4.953, 2.033, 825)
upgrade(-1.989, 4.953, 2.033, 3375)
upgrade(-1.989, 4.953, 2.033, 7125)
upgrade(-1.989, 4.953, 2.033, 20250)
upgrade(-1.989, 4.953, 2.033, 52500)
