place(10.024, 3.600, 16.256, "Cowboy", 750)
upgrade(10.024, 4.950, 16.256, 225)
upgrade(10.024, 4.950, 16.256, 825)
place(6.971, 3.600, 16.315, "Cowboy", 750)
upgrade(6.971, 4.950, 16.315, 225)
upgrade(6.971, 4.950, 16.315, 825)
place(14.818, 3.600, 16.487, "Electroshocker", 1088)
upgrade(14.818, 4.950, 16.487, 450)
upgrade(14.818, 4.950, 16.487, 900)
place(10.454, 3.600, 19.284, "Cowboy", 750)
upgrade(10.454, 4.950, 19.284, 225)
upgrade(10.454, 4.950, 19.284, 825)
place(7.357, 3.600, 19.436, "Cowboy", 750)
upgrade(7.357, 4.950, 19.436, 225)
upgrade(7.357, 4.950, 19.436, 825)
place(3.811, 3.600, 16.378, "Cowboy", 750)
place(3.811, 3.600, 16.378, "Cowboy", 750)
upgrade(3.811, 4.950, 16.378, 225)
upgrade(3.811, 4.950, 16.378, 825)
place(4.233, 3.600, 19.385, "Cowboy", 750)
upgrade(4.233, 4.950, 19.385, 225)
upgrade(4.233, 4.950, 19.385, 825)
place(2.149, 1.000, 33.458, "Electroshocker", 1088)
upgrade(2.149, 2.350, 33.458, 450)
upgrade(2.149, 2.350, 33.458, 900)
upgrade(10.024, 4.950, 16.256, 2250)
upgrade(10.024, 4.950, 16.256, 4500)
upgrade(6.971, 4.950, 16.315, 2250)
upgrade(6.971, 4.950, 16.315, 4500)
place(5.518, 1.000, 5.135, "DJ Booth", 1800)
upgrade(5.518, 2.365, 5.135, 450)
upgrade(5.518, 2.365, 5.135, 1875)
upgrade(5.518, 2.365, 5.135, 4500)
upgrade(10.454, 4.950, 19.284, 2250)
upgrade(10.454, 4.950, 19.284, 4500)
upgrade(7.357, 4.950, 19.436, 2250)
upgrade(7.357, 4.950, 19.436, 4500)
upgrade(3.811, 4.950, 16.378, 2250)
upgrade(3.811, 4.950, 16.378, 4500)
upgrade(4.233, 4.950, 19.385, 2250)
upgrade(4.233, 4.950, 19.385, 4500)
upgrade(4.233, 4.950, 19.385, 7875)
upgrade(3.811, 4.950, 16.378, 7875)
upgrade(6.971, 4.950, 16.315, 7875)
upgrade(7.357, 4.950, 19.436, 7875)
upgrade(10.024, 4.950, 16.256, 7875)
upgrade(10.454, 4.950, 19.284, 7875)
place(1.231, 3.600, 20.329, "Cowboy", 750)
upgrade(1.231, 4.950, 20.329, 225)
upgrade(1.231, 4.950, 20.329, 825)
upgrade(1.231, 4.950, 20.329, 2250)
upgrade(1.231, 4.950, 20.329, 4500)
upgrade(1.231, 4.950, 20.329, 7875)
place(0.786, 3.600, 17.312, "Cowboy", 750)
upgrade(0.786, 4.950, 17.312, 225)
upgrade(0.786, 4.950, 17.312, 825)
upgrade(0.786, 4.950, 17.312, 2250)
upgrade(0.786, 4.950, 17.312, 4500)
upgrade(0.786, 4.950, 17.312, 7875)
place(-1.736, 3.600, 19.126, "Cowboy", 750)
upgrade(-1.736, 4.950, 19.126, 225)
upgrade(-1.736, 4.950, 19.126, 825)
upgrade(-1.736, 4.950, 19.126, 2250)
upgrade(-1.736, 4.950, 19.126, 4500)
upgrade(-1.736, 4.950, 19.126, 7875)
place(-2.188, 3.600, 15.973, "Cowboy", 750)
upgrade(-2.188, 4.950, 15.973, 225)
upgrade(-2.188, 4.950, 15.973, 825)
upgrade(-2.188, 4.950, 15.973, 2250)
upgrade(-2.188, 4.950, 15.973, 4500)
upgrade(-2.188, 4.950, 15.973, 7875)
upgrade(5.518, 2.365, 5.135, 12000)
upgrade(5.518, 2.365, 5.135, 30000)
upgrade(2.149, 2.350, 33.458, 3000)
upgrade(2.149, 2.350, 33.458, 7500)
upgrade(14.818, 4.950, 16.487, 3000)
upgrade(14.818, 4.950, 16.487, 7500)
place(3.058, 1.000, 12.225, "Electroshocker", 1088)
upgrade(3.058, 2.350, 12.225, 450)
upgrade(3.058, 2.350, 12.225, 900)
upgrade(3.058, 2.350, 12.225, 3000)
upgrade(3.058, 2.350, 12.225, 7500)
place(-5.011, 3.600, -3.322, "Electroshocker", 1088)
upgrade(-5.011, 4.950, -3.322, 450)
upgrade(-5.011, 4.950, -3.322, 900)
upgrade(-5.011, 4.950, -3.322, 3000)
upgrade(-5.011, 4.950, -3.322, 7500)
place(-3.276, 6.846, 2.622, "Ranger", 6750)
upgrade(-3.276, 8.196, 2.622, 2250)
upgrade(-3.276, 8.196, 2.622, 6750)
upgrade(-3.276, 8.196, 2.622, 20250)
upgrade(-3.276, 8.196, 2.622, 45000)
place(-2.629, 6.846, -0.324, "Ranger", 6750)
upgrade(-2.629, 8.196, -0.324, 2250)
upgrade(-2.629, 8.196, -0.324, 6750)
upgrade(-2.629, 8.196, -0.324, 20250)
upgrade(-2.629, 8.196, -0.324, 45000)
place(-5.990, 6.846, 4.104, "Ranger", 6750)
upgrade(-5.990, 8.196, 4.104, 2250)
upgrade(-5.990, 8.196, 4.104, 6750)
upgrade(-5.990, 8.196, 4.104, 20250)
upgrade(-5.990, 8.196, 4.104, 45000)
place(-5.896, 6.846, 1.098, "Ranger", 6750)
upgrade(-5.896, 8.196, 1.098, 2250)
upgrade(-5.896, 8.196, 1.098, 6750)
upgrade(-5.896, 8.196, 1.098, 20250)
upgrade(-5.896, 8.196, 1.098, 45000)
place(-5.300, 6.846, -2.066, "Ranger", 6750)
upgrade(-5.300, 8.196, -2.066, 2250)
upgrade(-5.300, 8.196, -2.066, 6750)
upgrade(-5.300, 8.196, -2.066, 20250)
upgrade(-5.300, 8.196, -2.066, 45000)
place(-9.069, 6.846, 4.482, "Ranger", 6750)
upgrade(-9.069, 8.196, 4.482, 2250)
upgrade(-9.069, 8.196, 4.482, 6750)
upgrade(-9.069, 8.196, 4.482, 20250)
upgrade(-9.069, 8.196, 4.482, 45000)
place(-9.033, 6.846, 1.415, "Ranger", 6750)
upgrade(-9.033, 8.196, 1.415, 2250)
upgrade(-9.033, 8.196, 1.415, 6750)
upgrade(-9.033, 8.196, 1.415, 20250)
upgrade(-9.033, 8.196, 1.415, 45000)
upgrade(3.058, 2.350, 12.225, 22500)
upgrade(14.818, 4.950, 16.487, 22500)
upgrade(-5.011, 4.950, -3.322, 22500)
upgrade(2.149, 2.350, 33.458, 22500)
place(-1.410, 3.600, -0.739, "Engineer", 900)
upgrade(-1.410, 4.953, -0.739, 525)
upgrade(-1.410, 4.953, -0.739, 825)
upgrade(-1.410, 4.953, -0.739, 3375)
upgrade(-1.410, 4.953, -0.739, 7125)
upgrade(-1.410, 4.953, -0.739, 20250)
upgrade(-1.410, 4.953, -0.739, 52500)
place(0.949, 3.600, -2.893, "Engineer", 900)
upgrade(0.949, 4.953, -2.893, 525)
upgrade(0.949, 4.953, -2.893, 825)
upgrade(0.949, 4.953, -2.893, 3375)
upgrade(0.949, 4.953, -2.893, 7125)
upgrade(0.949, 4.953, -2.893, 20250)
upgrade(0.949, 4.953, -2.893, 52500)
upgrade(0.949, 4.953, -2.893, 52989)
place(3.810, 3.600, -3.928, "Engineer", 900)
upgrade(3.810, 4.953, -3.928, 525)
upgrade(3.810, 4.953, -3.928, 825)
upgrade(3.810, 4.953, -3.928, 3375)
upgrade(3.810, 4.953, -3.928, 7125)
upgrade(3.810, 4.953, -3.928, 20250)
upgrade(3.810, 4.953, -3.928, 52500)
place(-2.010, 3.600, -3.969, "Engineer", 900)
upgrade(-2.010, 4.953, -3.969, 525)
upgrade(-2.010, 4.953, -3.969, 825)
upgrade(-2.010, 4.953, -3.969, 3375)
upgrade(-2.010, 4.953, -3.969, 7125)
upgrade(-2.010, 4.953, -3.969, 20250)
upgrade(-2.010, 4.953, -3.969, 52500)
place(1.198, 3.600, -5.965, "Engineer", 900)
upgrade(1.198, 4.953, -5.965, 525)
upgrade(1.198, 4.953, -5.965, 825)
upgrade(1.198, 4.953, -5.965, 3375)
upgrade(1.198, 4.953, -5.965, 7125)
upgrade(1.198, 4.953, -5.965, 20250)
upgrade(1.198, 4.953, -5.965, 52500)
upgrade(1.198, 4.953, -5.965, 567141)
upgrade(1.198, 4.953, -5.965, 548410)
