place(34.582, 3.600, -9.420, "Farm", 375)
upgrade(34.582, 4.659, -9.420, 300)
place(38.331, 3.600, -9.394, "Farm", 375)
upgrade(38.331, 4.659, -9.394, 300)
place(41.933, 3.600, -9.427, "Farm", 375)
upgrade(41.933, 4.659, -9.427, 300)
upgrade(34.582, 4.659, -9.420, 825)
place(18.891, 1.063, -1.794, "Military Base", 600)
upgrade(18.891, 1.926, -1.794, 300)
upgrade(18.891, 1.926, -1.794, 600)
place(18.573, 1.000, 2.826, "Military Base", 600)
upgrade(18.573, 1.863, 2.826, 300)
upgrade(18.573, 1.863, 2.826, 600)
upgrade(18.573, 1.863, 2.826, 2625)
upgrade(38.331, 4.659, -9.394, 825)
upgrade(41.933, 4.659, -9.427, 825)
place(45.548, 3.600, -9.368, "Farm", 375)
upgrade(45.548, 4.659, -9.368, 300)
upgrade(45.548, 4.659, -9.368, 825)
place(34.638, 3.600, -5.784, "Farm", 375)
upgrade(34.638, 4.659, -5.784, 300)
upgrade(34.638, 4.659, -5.784, 825)
place(38.297, 3.600, -5.779, "Farm", 375)
upgrade(38.297, 4.659, -5.779, 300)
upgrade(38.297, 4.659, -5.779, 825)
place(41.926, 3.600, -5.680, "Farm", 375)
upgrade(41.926, 4.659, -5.680, 300)
upgrade(41.926, 4.659, -5.680, 825)
place(45.630, 3.600, -5.703, "Farm", 375)
upgrade(45.630, 4.659, -5.703, 300)
upgrade(45.630, 4.659, -5.703, 825)
upgrade(18.891, 1.926, -1.794, 2625)
upgrade(18.891, 1.926, -1.794, 11250)
upgrade(34.638, 4.659, -5.784, 1500)
upgrade(38.297, 4.659, -5.779, 1500)
upgrade(41.926, 4.659, -5.680, 1500)
upgrade(45.630, 4.659, -5.703, 1500)
upgrade(45.548, 4.659, -9.368, 1500)
upgrade(41.933, 4.659, -9.427, 1500)
upgrade(38.331, 4.659, -9.394, 1500)
upgrade(34.582, 4.659, -9.420, 1500)
place(5.227, 1.000, 11.494, "Commander", 1275)
upgrade(5.227, 2.368, 11.494, 450)
upgrade(5.227, 2.368, 11.494, 3750)
upgrade(18.573, 1.863, 2.826, 11250)
upgrade(18.573, 1.863, 2.826, 37500)
place(13.926, 1.000, 5.465, "Military Base", 600)
upgrade(13.926, 1.863, 5.465, 300)
upgrade(13.926, 1.863, 5.465, 600)
upgrade(13.926, 1.863, 5.465, 2625)
upgrade(13.926, 1.863, 5.465, 11250)
place(13.310, 1.000, 12.231, "Military Base", 600)
upgrade(13.310, 1.863, 12.231, 300)
upgrade(13.310, 1.863, 12.231, 600)
upgrade(13.310, 1.863, 12.231, 2625)
upgrade(13.310, 1.863, 12.231, 11250)
place(18.487, 1.000, 7.388, "Military Base", 600)
upgrade(18.487, 1.863, 7.388, 300)
upgrade(18.487, 1.863, 7.388, 600)
upgrade(18.487, 1.863, 7.388, 2625)
upgrade(18.487, 1.863, 7.388, 11250)
place(12.778, 9.918, -0.047, "Ranger", 6750)
upgrade(12.778, 11.268, -0.047, 2250)
upgrade(12.778, 11.268, -0.047, 6750)
place(9.882, 9.918, 1.038, "Ranger", 6750)
upgrade(9.882, 11.268, 1.038, 2250)
upgrade(9.882, 11.268, 1.038, 6750)
place(10.316, 9.918, -1.939, "Ranger", 6750)
upgrade(10.316, 11.268, -1.939, 2250)
upgrade(10.316, 11.268, -1.939, 6750)
place(6.903, 8.510, 1.465, "Ranger", 6750)
upgrade(6.903, 9.860, 1.465, 2250)
upgrade(6.903, 9.860, 1.465, 6750)
place(7.664, 8.510, -1.544, "Ranger", 6750)
upgrade(7.664, 9.860, -1.544, 2250)
upgrade(7.664, 9.860, -1.544, 6750)
place(-3.217, 6.846, 2.473, "Ranger", 6750)
upgrade(-3.217, 8.196, 2.473, 2250)
upgrade(-3.217, 8.196, 2.473, 6750)
place(-2.878, 6.846, -0.581, "Ranger", 6750)
upgrade(-2.878, 8.196, -0.581, 2250)
upgrade(-2.878, 8.196, -0.581, 6750)
upgrade(13.310, 1.863, 12.231, 37500)
upgrade(13.926, 1.863, 5.465, 37500)
upgrade(18.487, 1.863, 7.388, 37500)
upgrade(18.573, 1.863, 2.826, 34195)
upgrade(18.891, 1.926, -1.794, 37500)
place(4.736, 3.600, 2.887, "Commander", 1275)
place(4.683, 3.600, 2.084, "Commander", 1275)
upgrade(4.683, 4.968, 2.084, 450)
upgrade(4.683, 4.968, 2.084, 3750)
upgrade(4.683, 4.968, 2.084, 8250)
place(1.643, 3.600, 2.677, "Commander", 1275)
upgrade(1.643, 4.968, 2.677, 450)
upgrade(1.643, 4.968, 2.677, 3750)
upgrade(1.643, 4.968, 2.677, 8250)
place(4.329, 3.600, -1.007, "Commander", 1275)
upgrade(4.329, 4.968, -1.007, 450)
upgrade(4.329, 4.968, -1.007, 3750)
upgrade(4.329, 4.968, -1.007, 8250)
upgrade(6.903, 9.860, 1.465, 20250)
upgrade(6.903, 9.860, 1.465, 45000)
upgrade(7.664, 9.860, -1.544, 20250)
upgrade(7.664, 9.860, -1.544, 45000)
upgrade(9.882, 11.268, 1.038, 20250)
upgrade(9.882, 11.268, 1.038, 45000)
upgrade(10.316, 11.268, -1.939, 20250)
upgrade(10.316, 11.268, -1.939, 45000)
upgrade(12.778, 11.268, -0.047, 20250)
upgrade(12.778, 11.268, -0.047, 45000)
upgrade(-3.217, 8.196, 2.473, 20250)
upgrade(-3.217, 8.196, 2.473, 45000)
upgrade(-2.878, 8.196, -0.581, 20250)
upgrade(-2.878, 8.196, -0.581, 45000)
upgrade(1.643, 4.968, 2.677, 22500)
upgrade(4.683, 4.968, 2.084, 22500)
upgrade(4.329, 4.968, -1.007, 22500)
place(4.837, 3.600, -4.182, "Engineer", 900)
upgrade(4.837, 4.953, -4.182, 525)
upgrade(4.837, 4.953, -4.182, 825)
upgrade(4.837, 4.953, -4.182, 3375)
upgrade(4.837, 4.953, -4.182, 7125)
upgrade(4.837, 4.953, -4.182, 20250)
upgrade(4.837, 4.953, -4.182, 52500)
place(1.981, 3.600, -3.132, "Engineer", 900)
upgrade(1.981, 4.953, -3.132, 525)
upgrade(1.981, 4.953, -3.132, 825)
upgrade(1.981, 4.953, -3.132, 3375)
upgrade(1.981, 4.953, -3.132, 7125)
upgrade(1.981, 4.953, -3.132, 20250)
upgrade(1.981, 4.953, -3.132, 52500)
place(0.915, 3.600, -0.290, "Engineer", 900)
upgrade(0.915, 4.953, -0.290, 525)
upgrade(0.915, 4.953, -0.290, 825)
upgrade(0.915, 4.953, -0.290, 3375)
upgrade(0.915, 4.953, -0.290, 7125)
upgrade(0.915, 4.953, -0.290, 20250)
upgrade(0.915, 4.953, -0.290, 52500)
place(-1.510, 3.600, -2.114, "Engineer", 900)
upgrade(-1.510, 4.953, -2.114, 525)
upgrade(-1.510, 4.953, -2.114, 825)
upgrade(-1.510, 4.953, -2.114, 3375)
upgrade(-1.510, 4.953, -2.114, 7125)
upgrade(-1.510, 4.953, -2.114, 20250)
upgrade(-1.510, 4.953, -2.114, 52500)
place(-4.410, 3.600, -3.513, "Engineer", 900)
upgrade(-4.410, 4.953, -3.513, 525)
upgrade(-4.410, 4.953, -3.513, 825)
upgrade(-4.410, 4.953, -3.513, 3375)
upgrade(-4.410, 4.953, -3.513, 7125)
upgrade(-4.410, 4.953, -3.513, 20250)
upgrade(-4.410, 4.953, -3.513, 52500)
place(-1.644, 3.600, -5.280, "Engineer", 900)
upgrade(-1.644, 4.953, -5.280, 525)
upgrade(-1.644, 4.953, -5.280, 825)
upgrade(-1.644, 4.953, -5.280, 3375)
upgrade(-1.644, 4.953, -5.280, 7125)
upgrade(-1.644, 4.953, -5.280, 20250)
upgrade(-1.644, 4.953, -5.280, 52500)place(34.582, 3.600, -9.420, "Farm", 375)
upgrade(34.582, 4.659, -9.420, 300)
place(38.331, 3.600, -9.394, "Farm", 375)
upgrade(38.331, 4.659, -9.394, 300)
place(41.933, 3.600, -9.427, "Farm", 375)
upgrade(41.933, 4.659, -9.427, 300)
upgrade(34.582, 4.659, -9.420, 825)
place(18.891, 1.063, -1.794, "Military Base", 600)
upgrade(18.891, 1.926, -1.794, 300)
upgrade(18.891, 1.926, -1.794, 600)
place(18.573, 1.000, 2.826, "Military Base", 600)
upgrade(18.573, 1.863, 2.826, 300)
upgrade(18.573, 1.863, 2.826, 600)
upgrade(18.573, 1.863, 2.826, 2625)
upgrade(38.331, 4.659, -9.394, 825)
upgrade(41.933, 4.659, -9.427, 825)
place(45.548, 3.600, -9.368, "Farm", 375)
upgrade(45.548, 4.659, -9.368, 300)
upgrade(45.548, 4.659, -9.368, 825)
place(34.638, 3.600, -5.784, "Farm", 375)
upgrade(34.638, 4.659, -5.784, 300)
upgrade(34.638, 4.659, -5.784, 825)
place(38.297, 3.600, -5.779, "Farm", 375)
upgrade(38.297, 4.659, -5.779, 300)
upgrade(38.297, 4.659, -5.779, 825)
place(41.926, 3.600, -5.680, "Farm", 375)
upgrade(41.926, 4.659, -5.680, 300)
upgrade(41.926, 4.659, -5.680, 825)
place(45.630, 3.600, -5.703, "Farm", 375)
upgrade(45.630, 4.659, -5.703, 300)
upgrade(45.630, 4.659, -5.703, 825)
upgrade(18.891, 1.926, -1.794, 2625)
upgrade(18.891, 1.926, -1.794, 11250)
upgrade(34.638, 4.659, -5.784, 1500)
upgrade(38.297, 4.659, -5.779, 1500)
upgrade(41.926, 4.659, -5.680, 1500)
upgrade(45.630, 4.659, -5.703, 1500)
upgrade(45.548, 4.659, -9.368, 1500)
upgrade(41.933, 4.659, -9.427, 1500)
upgrade(38.331, 4.659, -9.394, 1500)
upgrade(34.582, 4.659, -9.420, 1500)
place(5.227, 1.000, 11.494, "Commander", 1275)
upgrade(5.227, 2.368, 11.494, 450)
upgrade(5.227, 2.368, 11.494, 3750)
upgrade(18.573, 1.863, 2.826, 11250)
upgrade(18.573, 1.863, 2.826, 37500)
place(13.926, 1.000, 5.465, "Military Base", 600)
upgrade(13.926, 1.863, 5.465, 300)
upgrade(13.926, 1.863, 5.465, 600)
upgrade(13.926, 1.863, 5.465, 2625)
upgrade(13.926, 1.863, 5.465, 11250)
place(13.310, 1.000, 12.231, "Military Base", 600)
upgrade(13.310, 1.863, 12.231, 300)
upgrade(13.310, 1.863, 12.231, 600)
upgrade(13.310, 1.863, 12.231, 2625)
upgrade(13.310, 1.863, 12.231, 11250)
place(18.487, 1.000, 7.388, "Military Base", 600)
upgrade(18.487, 1.863, 7.388, 300)
upgrade(18.487, 1.863, 7.388, 600)
upgrade(18.487, 1.863, 7.388, 2625)
upgrade(18.487, 1.863, 7.388, 11250)
place(12.778, 9.918, -0.047, "Ranger", 6750)
upgrade(12.778, 11.268, -0.047, 2250)
upgrade(12.778, 11.268, -0.047, 6750)
place(9.882, 9.918, 1.038, "Ranger", 6750)
upgrade(9.882, 11.268, 1.038, 2250)
upgrade(9.882, 11.268, 1.038, 6750)
place(10.316, 9.918, -1.939, "Ranger", 6750)
upgrade(10.316, 11.268, -1.939, 2250)
upgrade(10.316, 11.268, -1.939, 6750)
place(6.903, 8.510, 1.465, "Ranger", 6750)
upgrade(6.903, 9.860, 1.465, 2250)
upgrade(6.903, 9.860, 1.465, 6750)
place(7.664, 8.510, -1.544, "Ranger", 6750)
upgrade(7.664, 9.860, -1.544, 2250)
upgrade(7.664, 9.860, -1.544, 6750)
place(-3.217, 6.846, 2.473, "Ranger", 6750)
upgrade(-3.217, 8.196, 2.473, 2250)
upgrade(-3.217, 8.196, 2.473, 6750)
place(-2.878, 6.846, -0.581, "Ranger", 6750)
upgrade(-2.878, 8.196, -0.581, 2250)
upgrade(-2.878, 8.196, -0.581, 6750)
upgrade(13.310, 1.863, 12.231, 37500)
upgrade(13.926, 1.863, 5.465, 37500)
upgrade(18.487, 1.863, 7.388, 37500)
upgrade(18.573, 1.863, 2.826, 34195)
upgrade(18.891, 1.926, -1.794, 37500)
place(4.736, 3.600, 2.887, "Commander", 1275)
place(4.683, 3.600, 2.084, "Commander", 1275)
upgrade(4.683, 4.968, 2.084, 450)
upgrade(4.683, 4.968, 2.084, 3750)
upgrade(4.683, 4.968, 2.084, 8250)
place(1.643, 3.600, 2.677, "Commander", 1275)
upgrade(1.643, 4.968, 2.677, 450)
upgrade(1.643, 4.968, 2.677, 3750)
upgrade(1.643, 4.968, 2.677, 8250)
place(4.329, 3.600, -1.007, "Commander", 1275)
upgrade(4.329, 4.968, -1.007, 450)
upgrade(4.329, 4.968, -1.007, 3750)
upgrade(4.329, 4.968, -1.007, 8250)
upgrade(6.903, 9.860, 1.465, 20250)
upgrade(6.903, 9.860, 1.465, 45000)
upgrade(7.664, 9.860, -1.544, 20250)
upgrade(7.664, 9.860, -1.544, 45000)
upgrade(9.882, 11.268, 1.038, 20250)
upgrade(9.882, 11.268, 1.038, 45000)
upgrade(10.316, 11.268, -1.939, 20250)
upgrade(10.316, 11.268, -1.939, 45000)
upgrade(12.778, 11.268, -0.047, 20250)
upgrade(12.778, 11.268, -0.047, 45000)
upgrade(-3.217, 8.196, 2.473, 20250)
upgrade(-3.217, 8.196, 2.473, 45000)
upgrade(-2.878, 8.196, -0.581, 20250)
upgrade(-2.878, 8.196, -0.581, 45000)
upgrade(1.643, 4.968, 2.677, 22500)
upgrade(4.683, 4.968, 2.084, 22500)
upgrade(4.329, 4.968, -1.007, 22500)
place(4.837, 3.600, -4.182, "Engineer", 900)
upgrade(4.837, 4.953, -4.182, 525)
upgrade(4.837, 4.953, -4.182, 825)
upgrade(4.837, 4.953, -4.182, 3375)
upgrade(4.837, 4.953, -4.182, 7125)
upgrade(4.837, 4.953, -4.182, 20250)
upgrade(4.837, 4.953, -4.182, 52500)
place(1.981, 3.600, -3.132, "Engineer", 900)
upgrade(1.981, 4.953, -3.132, 525)
upgrade(1.981, 4.953, -3.132, 825)
upgrade(1.981, 4.953, -3.132, 3375)
upgrade(1.981, 4.953, -3.132, 7125)
upgrade(1.981, 4.953, -3.132, 20250)
upgrade(1.981, 4.953, -3.132, 52500)
place(0.915, 3.600, -0.290, "Engineer", 900)
upgrade(0.915, 4.953, -0.290, 525)
upgrade(0.915, 4.953, -0.290, 825)
upgrade(0.915, 4.953, -0.290, 3375)
upgrade(0.915, 4.953, -0.290, 7125)
upgrade(0.915, 4.953, -0.290, 20250)
upgrade(0.915, 4.953, -0.290, 52500)
place(-1.510, 3.600, -2.114, "Engineer", 900)
upgrade(-1.510, 4.953, -2.114, 525)
upgrade(-1.510, 4.953, -2.114, 825)
upgrade(-1.510, 4.953, -2.114, 3375)
upgrade(-1.510, 4.953, -2.114, 7125)
upgrade(-1.510, 4.953, -2.114, 20250)
upgrade(-1.510, 4.953, -2.114, 52500)
place(-4.410, 3.600, -3.513, "Engineer", 900)
upgrade(-4.410, 4.953, -3.513, 525)
upgrade(-4.410, 4.953, -3.513, 825)
upgrade(-4.410, 4.953, -3.513, 3375)
upgrade(-4.410, 4.953, -3.513, 7125)
upgrade(-4.410, 4.953, -3.513, 20250)
upgrade(-4.410, 4.953, -3.513, 52500)
place(-1.644, 3.600, -5.280, "Engineer", 900)
upgrade(-1.644, 4.953, -5.280, 525)
upgrade(-1.644, 4.953, -5.280, 825)
upgrade(-1.644, 4.953, -5.280, 3375)
upgrade(-1.644, 4.953, -5.280, 7125)
upgrade(-1.644, 4.953, -5.280, 20250)
upgrade(-1.644, 4.953, -5.280, 52500)
