place(33.933, 3.600, -6.825, "Farm", 375)
upgrade(33.933, 4.725, -6.825, 300)
place(37.559, 3.600, -6.899, "Farm", 375)
upgrade(37.559, 4.725, -6.899, 300)
place(41.139, 3.600, -6.879, "Farm", 375)
upgrade(41.139, 4.725, -6.879, 300)
upgrade(33.933, 4.725, -6.825, 825)
place(11.817, 1.000, 12.066, "Military Base", 600)
upgrade(11.817, 1.863, 12.066, 300)
upgrade(11.817, 1.863, 12.066, 600)
place(12.195, 1.000, 5.554, "Military Base", 600)
upgrade(12.195, 1.863, 5.554, 300)
upgrade(12.195, 1.863, 5.554, 600)
upgrade(37.559, 4.725, -6.899, 825)
upgrade(41.139, 4.725, -6.879, 825)
place(44.863, 3.600, -6.488, "Farm", 375)
upgrade(44.863, 4.725, -6.488, 300)
upgrade(44.863, 4.725, -6.488, 825)
place(34.133, 3.600, -3.160, "Farm", 375)
upgrade(34.133, 4.725, -3.160, 300)
upgrade(34.133, 4.725, -3.160, 825)
place(37.720, 3.600, -3.212, "Farm", 375)
upgrade(37.720, 4.725, -3.212, 300)
upgrade(37.720, 4.725, -3.212, 825)
place(41.466, 3.600, -3.123, "Farm", 375)
upgrade(41.466, 4.725, -3.123, 300)
upgrade(41.466, 4.725, -3.123, 825)
place(45.205, 3.600, -2.848, "Farm", 375)
upgrade(45.205, 4.725, -2.848, 300)
upgrade(45.205, 4.725, -2.848, 825)
upgrade(12.195, 1.863, 5.554, 2625)
upgrade(12.195, 1.863, 5.554, 11250)
upgrade(34.133, 4.725, -3.160, 1500)
upgrade(37.720, 4.725, -3.212, 1500)
upgrade(41.466, 4.725, -3.123, 1500)
upgrade(45.205, 4.725, -2.848, 1500)
upgrade(44.863, 4.725, -6.488, 1500)
upgrade(41.139, 4.725, -6.879, 1500)
upgrade(37.559, 4.725, -6.899, 1500)
upgrade(33.933, 4.725, -6.825, 1500)
place(5.716, 1.000, 11.324, "Commander", 1275)
upgrade(5.716, 2.700, 11.324, 450)
upgrade(5.716, 2.700, 11.324, 3750)
upgrade(11.817, 1.863, 12.066, 2625)
upgrade(11.817, 1.863, 12.066, 11250)
place(16.720, 1.000, 5.631, "Military Base", 600)
upgrade(16.720, 1.863, 5.631, 300)
upgrade(16.720, 1.863, 5.631, 600)
upgrade(16.720, 1.863, 5.631, 2625)
upgrade(16.720, 1.863, 5.631, 11250)
place(15.876, 1.063, 1.096, "Military Base", 600)
upgrade(15.876, 1.926, 1.096, 300)
upgrade(15.876, 1.926, 1.096, 600)
upgrade(15.876, 1.926, 1.096, 2625)
upgrade(15.876, 1.926, 1.096, 11250)
place(16.137, 1.000, 13.679, "Military Base", 600)
upgrade(16.137, 1.863, 13.679, 300)
upgrade(16.137, 1.863, 13.679, 600)
upgrade(16.137, 1.863, 13.679, 2625)
upgrade(16.137, 1.863, 13.679, 11250)
place(12.798, 9.918, 0.561, "Ranger", 6750)
upgrade(12.798, 11.268, 0.561, 2250)
upgrade(12.798, 11.268, 0.561, 6750)
place(11.366, 9.918, -2.213, "Ranger", 6750)
upgrade(11.366, 11.268, -2.213, 2250)
upgrade(11.366, 11.268, -2.213, 6750)
place(9.693, 9.918, 0.543, "Ranger", 6750)
upgrade(9.693, 11.268, 0.543, 2250)
upgrade(9.693, 11.268, 0.543, 6750)
place(6.982, 8.510, 1.479, "Ranger", 6750)
upgrade(6.982, 9.860, 1.479, 2250)
upgrade(6.982, 9.860, 1.479, 6750)
place(7.284, 8.510, -1.695, "Ranger", 6750)
upgrade(7.284, 9.860, -1.695, 2250)
upgrade(7.284, 9.860, -1.695, 6750)
place(7.962, 6.474, -6.334, "Ranger", 6750)
upgrade(7.962, 7.824, -6.334, 2250)
upgrade(7.962, 7.824, -6.334, 6750)
place(4.834, 6.474, -6.279, "Ranger", 6750)
upgrade(4.834, 7.824, -6.279, 2250)
upgrade(4.834, 7.824, -6.279, 6750)
upgrade(12.195, 1.863, 5.554, 37500)
upgrade(11.817, 1.863, 12.066, 37500)
upgrade(16.137, 1.863, 13.679, 37500)
upgrade(16.720, 1.863, 5.631, 37500)
upgrade(15.876, 1.926, 1.096, 37500)
place(4.564, 3.600, 1.456, "Commander", 1275)
upgrade(4.564, 5.300, 1.456, 450)
upgrade(4.564, 5.300, 1.456, 3750)
upgrade(4.564, 5.300, 1.456, 8250)
place(1.504, 3.600, 2.313, "Commander", 1275)
upgrade(1.504, 5.300, 2.313, 450)
upgrade(1.504, 5.300, 2.313, 3750)
upgrade(1.504, 5.300, 2.313, 8250)
place(2.280, 3.600, -0.703, "Commander", 1275)
upgrade(2.280, 5.300, -0.703, 450)
upgrade(2.280, 5.300, -0.703, 3750)
upgrade(2.280, 5.300, -0.703, 8250)
upgrade(7.284, 9.860, -1.695, 20250)
upgrade(7.284, 9.860, -1.695, 45000)
upgrade(6.982, 9.860, 1.479, 20250)
upgrade(6.982, 9.860, 1.479, 45000)
upgrade(9.693, 11.268, 0.543, 20250)
upgrade(9.693, 11.268, 0.543, 45000)
upgrade(11.366, 11.268, -2.213, 20250)
upgrade(11.366, 11.268, -2.213, 45000)
upgrade(12.798, 11.268, 0.561, 20250)
upgrade(12.798, 11.268, 0.561, 45000)
upgrade(4.834, 7.824, -6.279, 20250)
upgrade(4.834, 7.824, -6.279, 45000)
upgrade(7.962, 7.824, -6.334, 20250)
upgrade(7.962, 7.824, -6.334, 45000)
upgrade(4.564, 5.300, 1.456, 22500)
upgrade(1.504, 5.300, 2.313, 22500)
upgrade(2.280, 5.300, -0.703, 22500)
place(5.722, 3.600, -2.267, "Turret", 7500)
upgrade(5.722, 4.550, -2.267, 1875)
upgrade(5.722, 4.550, -2.267, 10875)
upgrade(5.722, 4.550, -2.267, 22500)
upgrade(5.722, 4.550, -2.267, 45000)
upgrade(5.722, 4.550, -2.267, 78750)
place(2.361, 3.600, -4.701, "Turret", 7500)
upgrade(2.361, 4.550, -4.701, 1875)
upgrade(2.361, 4.550, -4.701, 10875)
upgrade(2.361, 4.550, -4.701, 22500)
upgrade(2.361, 4.550, -4.701, 45000)
upgrade(2.361, 4.550, -4.701, 78750)
place(-1.086, 3.600, -2.312, "Turret", 7500)
upgrade(-1.086, 4.550, -2.312, 1875)
upgrade(-1.086, 4.550, -2.312, 10875)
upgrade(-1.086, 4.550, -2.312, 22500)
upgrade(-1.086, 4.550, -2.312, 45000)
upgrade(-1.086, 4.550, -2.312, 78750)
upgrade(5.716, 2.700, 11.324, 8250)
upgrade(5.716, 2.700, 11.324, 22500)
