place(15.708, 1.000, -9.322, "Soldier", 600)
upgrade(15.708, 2.350, -9.322, 440)
upgrade(15.708, 2.350, -9.322, 887)
place(15.655, 1.000, -6.213, "Soldier", 772)
upgrade(15.655, 2.350, -6.213, 272)
upgrade(15.655, 2.350, -6.213, 850)
place(12.548, 1.000, -9.623, "Soldier", 1168)
upgrade(12.548, 2.350, -9.623, 668)
upgrade(12.548, 2.350, -9.623, 818)
place(12.606, 1.000, -6.484, "Soldier", 1015)
upgrade(12.606, 2.350, -6.484, 515)
upgrade(12.606, 2.350, -6.484, 1707)
place(9.544, 1.000, -9.635, "Soldier", 951)
upgrade(9.544, 2.350, -9.635, 451)
upgrade(9.544, 2.350, -9.635, 841)
place(9.518, 1.000, -6.411, "Soldier", 1485)
upgrade(9.518, 2.350, -6.411, 985)
upgrade(9.518, 2.350, -6.411, 823)
place(15.518, 1.000, -3.093, "Soldier", 1602)
upgrade(15.518, 2.350, -3.093, 1102)
upgrade(15.518, 2.350, -3.093, 852)
place(12.372, 1.000, -3.268, "Soldier", 1110)
upgrade(12.372, 2.350, -3.268, 730)
upgrade(12.372, 2.350, -3.268, 1759)
place(9.265, 1.000, -3.250, "Soldier", 1012)
upgrade(9.265, 2.350, -3.250, 512)
upgrade(9.265, 2.350, -3.250, 900)
place(9.210, 1.000, 0.336, "Ace Pilot", 1848)
upgrade(9.209, 1.000, 0.337, 1708)
upgrade(9.209, 1.000, 0.337, 1511)
upgrade(9.209, 1.000, 0.337, 1878)
upgrade(9.209, 1.000, 0.337, 3215)
place(12.340, 1.000, -0.148, "Electroshocker", 2090)
upgrade(12.340, 2.350, -0.148, 1837)
upgrade(12.340, 2.350, -0.148, 1540)
upgrade(12.340, 2.350, -0.148, 2037)
upgrade(12.340, 2.350, -0.148, 5195)
place(12.193, 1.000, 2.947, "Electroshocker", 2323)
upgrade(12.193, 2.350, 2.947, 2129)
upgrade(12.193, 2.350, 2.947, 1832)
upgrade(12.193, 2.350, 2.947, 2401)
upgrade(12.193, 2.350, 2.947, 6481)
place(15.030, 1.000, 1.396, "Electroshocker", 2565)
upgrade(15.030, 2.350, 1.396, 1840)
upgrade(15.030, 2.350, 1.396, 1542)
upgrade(15.030, 2.350, 1.396, 2290)
upgrade(15.030, 2.350, 1.396, 5560)
upgrade(9.265, 2.350, -3.250, 7363)
upgrade(9.518, 2.350, -6.411, 6366)
upgrade(9.544, 2.350, -9.635, 7452)
upgrade(12.372, 2.350, -3.268, 6522)
upgrade(12.606, 2.350, -6.484, 6993)
upgrade(12.548, 2.350, -9.623, 6504)
upgrade(15.518, 2.350, -3.093, 7966)
upgrade(15.655, 2.350, -6.213, 6877)
upgrade(15.708, 2.350, -9.322, 6213)
place(-32.045, 1.010, -12.851, "Military Base", 6326)
upgrade(-32.045, 1.873, -12.851, 6063)
upgrade(-32.045, 1.873, -12.851, 6716)
upgrade(-32.045, 1.873, -12.851, 7956)
place(-32.391, 1.012, -17.511, "Military Base", 6213)
upgrade(-32.391, 1.875, -17.511, 5813)
upgrade(-32.391, 1.875, -17.511, 5655)
upgrade(-32.391, 1.875, -17.511, 5213)
place(-32.329, 1.010, -22.279, "Military Base", 5477)
upgrade(-32.329, 1.873, -22.279, 5882)
upgrade(-32.329, 1.873, -22.279, 5693)
upgrade(-32.329, 1.873, -22.279, 5291)
place(-26.961, 1.010, -12.995, "Military Base", 3532)
upgrade(-26.961, 1.873, -12.995, 3132)
upgrade(-26.961, 1.873, -12.995, 2951)
upgrade(-26.961, 1.873, -12.995, 1686)
place(-27.504, 1.010, -17.818, "Military Base", 1083)
upgrade(-27.504, 1.873, -17.818, 1507)
upgrade(-27.504, 1.873, -17.818, 1383)
upgrade(-27.504, 1.873, -17.818, 1782)
upgrade(-27.504, 1.873, -17.818, 9559)
upgrade(-26.961, 1.873, -12.995, 10266)
upgrade(-32.045, 1.873, -12.851, 8964)
upgrade(-32.391, 1.875, -17.511, 9464)
upgrade(-32.329, 1.873, -22.279, 9080)
upgrade(12.340, 2.350, -0.148, 15355)
upgrade(12.193, 2.350, 2.947, 16268)
upgrade(15.030, 2.350, 1.396, 15778)
place(9.202, 1.000, 3.969, "Electroshocker", 3776)
upgrade(9.202, 2.350, 3.969, 6914)
upgrade(9.202, 2.350, 3.969, 6754)
upgrade(9.202, 2.350, 3.969, 6167)
upgrade(9.202, 2.350, 3.969, 4775)
upgrade(9.202, 2.350, 3.969, 15619)
upgrade(-26.961, 1.873, -12.995, 28861)
upgrade(-27.504, 1.873, -17.818, 25043)
upgrade(-32.045, 1.873, -12.851, 25418)
upgrade(-32.391, 1.875, -17.511, 30482)
upgrade(-32.329, 1.873, -22.279, 29231)
upgrade(9.265, 2.350, -3.250, 19269)
upgrade(9.518, 2.350, -6.411, 16905)
upgrade(9.544, 2.350, -9.635, 18395)
upgrade(12.372, 2.350, -3.268, 14895)
upgrade(12.606, 2.350, -6.484, 15395)
upgrade(12.548, 2.350, -9.623, 15895)
upgrade(15.518, 2.350, -3.093, 16395)
upgrade(15.655, 2.350, -6.213, 16895)
upgrade(15.708, 2.350, -9.322, 17395)
upgrade(9.209, 1.000, 0.337, 17895)
place(15.356, 1.000, 5.249, "Ace Pilot", 9895)
upgrade(15.356, 1.000, 5.250, 14345)
upgrade(15.356, 1.000, 5.250, 14146)
upgrade(15.356, 1.000, 5.250, 13799)
upgrade(15.356, 1.000, 5.250, 12063)
upgrade(15.356, 1.000, 5.250, 8745)
place(15.220, 1.000, 8.421, "Ace Pilot", 6032)
upgrade(15.220, 1.000, 8.422, 5482)
upgrade(15.220, 1.000, 8.422, 5282)
upgrade(15.220, 1.000, 8.422, 4956)
upgrade(15.220, 1.000, 8.422, 4956)
upgrade(15.220, 1.000, 8.422, 6082)
upgrade(15.220, 1.000, 8.422, 10382)
place(15.498, 1.000, 11.442, "Ace Pilot", 15882)
upgrade(15.499, 1.000, 11.443, 22080)
upgrade(15.499, 1.000, 11.443, 24867)
upgrade(15.499, 1.000, 11.443, 24535)
upgrade(15.499, 1.000, 11.443, 22708)
upgrade(15.499, 1.000, 11.443, 23982)
place(15.205, 1.000, 14.742, "Ace Pilot", 25723)
upgrade(15.206, 1.000, 14.742, 27682)
upgrade(15.206, 1.000, 14.742, 27483)
upgrade(15.206, 1.000, 14.742, 27133)
upgrade(15.206, 1.000, 14.742, 25329)
upgrade(15.206, 1.000, 14.742, 22082)
place(21.637, 1.000, 5.591, "Ace Pilot", 19523)
upgrade(21.638, 1.000, 5.591, 20972)
upgrade(21.638, 1.000, 5.591, 20774)
upgrade(21.638, 1.000, 5.591, 20434)
upgrade(21.638, 1.000, 5.591, 18592)
upgrade(21.638, 1.000, 5.591, 16379)
place(21.833, 1.000, 8.736, "Ace Pilot", 23873)
upgrade(21.833, 1.000, 8.736, 25321)
upgrade(21.833, 1.000, 8.736, 25123)
upgrade(21.833, 1.000, 8.736, 24773)
upgrade(21.833, 1.000, 8.736, 23225)
upgrade(21.833, 1.000, 8.736, 20723)
place(21.839, 1.000, 12.371, "Ace Pilot", 31053)
upgrade(21.839, 1.000, 12.371, 30503)
upgrade(21.839, 1.000, 12.371, 30303)
upgrade(21.839, 1.000, 12.371, 29955)
upgrade(21.839, 1.000, 12.371, 28110)
upgrade(21.839, 1.000, 12.371, 34903)
place(21.596, 1.000, 15.906, "Ace Pilot", 36903)
place(3.739, 1.000, -9.851, "Soldier", 56241)
upgrade(3.739, 2.350, -9.851, 55748)
upgrade(3.739, 2.350, -9.851, 55499)
upgrade(3.739, 2.350, -9.851, 54716)
upgrade(3.739, 2.350, -9.851, 48965)
place(3.801, 1.000, -6.746, "Soldier", 42448)
upgrade(3.801, 2.350, -6.746, 44948)
upgrade(3.801, 2.350, -6.746, 44699)
upgrade(3.801, 2.350, -6.746, 45279)
upgrade(3.801, 2.350, -6.746, 39688)
place(0.717, 1.000, -10.003, "Soldier", 44648)
upgrade(0.717, 2.350, -10.003, 58148)
upgrade(0.717, 2.350, -10.003, 57900)
upgrade(0.717, 2.350, -10.003, 60765)
upgrade(0.717, 2.350, -10.003, 55406)
upgrade(0.717, 2.350, -10.003, 41503)
place(0.699, 1.000, -6.925, "Soldier", 53848)
upgrade(0.699, 2.350, -6.925, 58348)
upgrade(0.699, 2.350, -6.925, 58098)
upgrade(0.699, 2.350, -6.925, 57316)
upgrade(0.699, 2.350, -6.925, 51558)
place(-2.529, 1.000, -9.988, "Soldier", 41155)
upgrade(-2.529, 2.350, -9.988, 42297)
upgrade(-2.529, 2.350, -9.988, 42049)
upgrade(-2.529, 2.350, -9.988, 41249)
upgrade(-2.529, 2.350, -9.988, 35759)
place(-2.395, 1.000, -6.918, "Soldier", 20997)
upgrade(-2.395, 2.350, -6.918, 23496)
upgrade(-2.395, 2.350, -6.918, 24745)
upgrade(-2.395, 2.350, -6.918, 26163)
upgrade(-2.395, 2.350, -6.918, 21901)
place(3.723, 1.000, -13.051, "Soldier", 21562)
upgrade(3.723, 2.350, -13.051, 24948)
upgrade(3.723, 2.350, -13.051, 25941)
upgrade(3.723, 2.350, -13.051, 29603)
upgrade(3.723, 2.350, -13.051, 24658)
place(0.628, 1.000, -13.186, "Soldier", 26392)
upgrade(0.628, 2.350, -13.186, 46891)
upgrade(0.628, 2.350, -13.186, 47642)
upgrade(0.628, 2.350, -13.186, 47642)
upgrade(0.628, 2.350, -13.186, 41139)
place(-2.389, 1.000, -13.309, "Soldier", 38592)
upgrade(-2.389, 2.350, -13.309, 38092)
upgrade(-2.389, 2.350, -13.309, 37885)
upgrade(-2.389, 2.350, -13.309, 54483)
upgrade(-2.389, 2.350, -13.309, 51314)
upgrade(-2.389, 2.350, -13.309, 38885)
place(9.124, 1.000, -12.912, "Soldier", 36792)
upgrade(9.124, 2.350, -12.912, 36292)
upgrade(9.124, 2.350, -12.912, 36043)
upgrade(9.124, 2.350, -12.912, 35245)
upgrade(9.124, 2.350, -12.912, 44452)
place(3.577, 1.000, -3.717, "Warlock", 34992)
upgrade(3.577, 2.350, -3.717, 50792)
upgrade(3.577, 2.350, -3.717, 48292)
upgrade(3.577, 2.350, -3.717, 51486)
upgrade(3.577, 2.350, -3.717, 39492)
upgrade(3.577, 2.350, -3.717, 30992)
place(3.512, 1.000, -0.482, "Warlock", 12992)
upgrade(3.512, 2.350, -0.482, 14595)
upgrade(3.512, 2.350, -0.482, 12195)
upgrade(3.512, 2.350, -0.482, 14895)
upgrade(3.512, 2.350, -0.482, 21395)
upgrade(3.512, 2.350, -0.482, 32644)
place(3.464, 1.000, 2.601, "Warlock", 39857)
upgrade(3.464, 2.350, 2.601, 63992)
upgrade(3.464, 2.350, 2.601, 64357)
upgrade(3.464, 2.350, 2.601, 58051)
upgrade(3.464, 2.350, 2.601, 46702)
upgrade(3.464, 2.350, 2.601, 29057)
place(0.624, 1.000, 1.192, "Warlock", 70057)
upgrade(0.624, 2.350, 1.192, 69857)
upgrade(0.624, 2.350, 1.192, 67357)
upgrade(0.624, 2.350, 1.192, 10805)
upgrade(0.624, 2.350, 1.192, 10805)
upgrade(0.624, 2.350, 1.192, 10805)
