place(-20.717, 1.000, -14.358, "Shotgunner", 600)
place(-25.841, 1.000, -14.306, "Shotgunner", 300)
SetTarget(-25.841, 2.350, -14.306, "Random")
SetTarget(-25.841, 2.350, -14.306, "Farthest")
place(-20.403, 1.000, -12.365, "Shotgunner", 200)
place(-20.379, 1.000, -12.341, "Shotgunner", 302)
place(-25.853, 1.000, -12.159, "Shotgunner", 436)
place(-25.961, 1.000, -10.107, "Shotgunner", 804)
place(-18.618, 1.000, -10.834, "Shotgunner", 510)
upgrade(-20.717, 2.350, -14.358, 265)
upgrade(-25.841, 2.350, -14.306, 720)
upgrade(-20.379, 2.350, -12.341, 774)
upgrade(-25.853, 2.350, -12.159, 624)
upgrade(-25.961, 2.350, -10.107, 474)
upgrade(-18.618, 2.350, -10.834, 329)
upgrade(-20.717, 2.350, -14.358, 979)
upgrade(-25.841, 2.350, -14.306, 1276)
upgrade(-25.853, 2.350, -12.159, 1825)
upgrade(-20.379, 2.350, -12.341, 1221)
upgrade(-25.961, 2.350, -10.107, 1776)
upgrade(-18.618, 2.350, -10.834, 1219)
place(-18.160, 1.000, -13.591, "Electroshocker", 633)
place(-18.123, 1.000, -13.607, "Electroshocker", 718)
upgrade(-18.123, 2.350, -13.607, 1680)
upgrade(-18.123, 2.350, -13.607, 1394)
upgrade(-18.123, 2.350, -13.607, 2734)
upgrade(-18.123, 2.350, -13.607, 6019)
place(-26.069, 1.000, -7.386, "Electroshocker", 1701)
upgrade(-26.069, 2.350, -7.386, 1096)
upgrade(-26.069, 2.350, -7.386, 799)
upgrade(-26.069, 2.350, -7.386, 2930)
upgrade(-26.069, 2.350, -7.386, 5056)
place(-18.573, 1.000, -8.160, "Trapper", 845)
upgrade(-18.573, 2.350, -8.160, 525)
upgrade(-18.573, 2.350, -8.160, 2989)
place(-18.635, 1.000, -4.996, "Trapper", 2263)
upgrade(-18.635, 2.350, -4.996, 1863)
upgrade(-18.635, 2.350, -4.996, 1603)
place(-24.226, 1.000, -1.647, "Trapper", 883)
upgrade(-24.226, 2.350, -1.647, 683)
upgrade(-24.226, 2.350, -1.647, 2688)
place(-24.060, 1.000, -4.818, "Trapper", 2009)
upgrade(-24.060, 2.350, -4.818, 1532)
upgrade(-24.060, 2.350, -4.818, 1512)
place(-24.005, 1.000, 1.387, "Trapper", 4351)
upgrade(-24.005, 2.350, 1.387, 3971)
upgrade(-24.005, 2.350, 1.387, 3531)
place(-21.947, 1.000, 3.739, "Trapper", 3004)
upgrade(-21.947, 2.350, 3.739, 2697)
upgrade(-21.947, 2.350, 3.739, 2405)
place(-16.068, 1.000, -10.006, "Trapper", 4539)
upgrade(-16.068, 2.350, -10.006, 4100)
upgrade(-16.068, 2.350, -10.006, 3619)
place(-18.949, 1.000, 3.848, "Trapper", 2469)
upgrade(-18.618, 2.350, -10.834, 3059)
upgrade(-20.379, 2.350, -12.341, 4453)
upgrade(-20.717, 2.350, -14.358, 2866)
upgrade(-25.841, 2.350, -14.306, 2516)
upgrade(-25.853, 2.350, -12.159, 3661)
upgrade(-25.961, 2.350, -10.107, 2571)
upgrade(-25.961, 2.350, -10.107, 7065)
upgrade(-25.853, 2.350, -12.159, 8465)
upgrade(-25.841, 2.350, -14.306, 8345)
upgrade(-20.379, 2.350, -12.341, 6855)
upgrade(-20.717, 2.350, -14.358, 7023)
upgrade(-18.618, 2.350, -10.834, 8463)
place(-4.370, 1.000, -8.945, "Shotgunner", 11963)
upgrade(-4.370, 2.350, -8.945, 11663)
upgrade(-4.370, 2.350, -8.945, 11517)
place(-6.675, 1.000, -8.938, "Shotgunner", 10563)
upgrade(-6.675, 2.350, -8.938, 10263)
upgrade(-6.675, 2.350, -8.938, 10116)
place(-0.199, 1.000, -9.162, "Shotgunner", 9163)
upgrade(-0.199, 2.350, -9.162, 8863)
upgrade(-0.199, 2.350, -9.162, 8714)
place(-1.935, 1.000, -10.776, "Shotgunner", 10263)
upgrade(-1.935, 2.350, -10.776, 9963)
upgrade(-1.935, 2.350, -10.776, 9814)
upgrade(-0.199, 2.350, -9.162, 8863)
place(5.429, 1.000, -8.828, "Shotgunner", 6363)
upgrade(5.429, 2.350, -8.828, 6063)
upgrade(5.429, 2.350, -8.828, 5914)
place(6.020, 1.000, -10.874, "Shotgunner", 4963)
upgrade(6.020, 2.350, -10.874, 4663)
upgrade(6.020, 2.350, -10.874, 4513)
place(-0.260, 1.000, -13.302, "Shotgunner", 3563)
upgrade(-0.260, 2.350, -13.302, 3263)
upgrade(-0.260, 2.350, -13.302, 3114)
place(9.820, 1.000, -9.304, "Shotgunner", 2163)
upgrade(9.820, 2.350, -9.304, 1863)
upgrade(9.820, 2.350, -9.304, 1714)
upgrade(9.820, 2.350, -9.304, 3263)
place(6.947, 1.000, -5.172, "Shotgunner", 763)
upgrade(6.947, 2.350, -5.172, 463)
upgrade(6.947, 2.350, -5.172, 2813)
place(5.559, 1.000, -3.352, "Shotgunner", 1863)
upgrade(5.559, 2.350, -3.352, 1563)
upgrade(5.559, 2.350, -3.352, 1413)
place(-0.357, 1.000, -3.064, "Shotgunner", 463)
upgrade(-0.357, 2.350, -3.064, 163)
