place(4.513, 1.000, -37.187, "Shotgunner", 600)
place(-1.157, 1.000, -37.185, "Shotgunner", 300)
place(4.361, 1.037, -35.044, "Shotgunner", 437)
place(-1.203, 1.037, -34.904, "Shotgunner", 688)
place(4.208, 1.037, -33.037, "Shotgunner", 398)
place(-1.193, 1.037, -32.795, "Shotgunner", 767)
place(5.858, 1.037, -30.702, "Trapper", 1037)
place(6.727, 1.037, -33.678, "Trapper", 750)
place(-0.724, 1.037, -30.058, "Trapper", 1171)
task.wait(1)
upgrade(-0.724, 2.387, -30.058, 671)
upgrade(5.858, 2.387, -30.702, 1081)
upgrade(6.727, 2.387, -33.678, 810)
upgrade(4.513, 2.350, -37.187, 310)
upgrade(4.513, 2.350, -37.187, 1201)
upgrade(-1.157, 2.350, -37.185, 506)
upgrade(-1.157, 2.350, -37.185, 1449)
upgrade(4.361, 2.387, -35.044, 780)
upgrade(4.361, 2.387, -35.044, 1813)
upgrade(-1.203, 2.387, -34.904, 1169)
upgrade(-1.203, 2.387, -34.904, 1033)
