place(15.704, 1.000, -9.760, "Soldier", 600)
upgrade(15.704, 2.350, -9.760, 510)
upgrade(15.704, 2.350, -9.760, 887)
place(15.573, 1.000, -6.610, "Soldier", 772)
upgrade(15.573, 2.350, -6.610, 272)
upgrade(15.573, 2.350, -6.610, 850)
place(15.617, 1.000, -3.607, "Soldier", 936)
upgrade(15.617, 2.350, -3.607, 668)
upgrade(15.617, 2.350, -3.607, 818)
place(12.578, 1.000, -9.720, "Soldier", 1015)
upgrade(12.578, 2.350, -9.720, 515)
upgrade(12.578, 2.350, -9.720, 1582)
place(12.484, 1.000, -6.585, "Soldier", 951)
upgrade(12.484, 2.350, -6.585, 451)
upgrade(12.484, 2.350, -6.585, 841)
place(12.517, 1.000, -3.572, "Soldier", 1485)
upgrade(12.517, 2.350, -3.572, 985)
upgrade(12.517, 2.350, -3.572, 823)
place(9.567, 1.000, -9.729, "Soldier", 1602)
upgrade(9.567, 2.350, -9.729, 1102)
upgrade(9.567, 2.350, -9.729, 852)
place(9.424, 1.000, -6.686, "Soldier", 949)
upgrade(9.424, 2.350, -6.686, 610)
upgrade(9.424, 2.350, -6.686, 1776)
place(9.418, 1.000, -3.527, "Soldier", 1012)
upgrade(9.418, 2.350, -3.527, 512)
upgrade(9.418, 2.350, -3.527, 902)
place(9.175, 1.000, 0.116, "Ace Pilot", 660)
upgrade(9.175, 1.000, 0.116, 1296)
upgrade(9.175, 1.000, 0.116, 1508)
upgrade(9.175, 1.000, 0.116, 1958)
upgrade(9.175, 1.000, 0.116, 3315)
place(12.434, 1.000, -0.422, "Electroshocker", 915)
upgrade(12.434, 2.350, -0.422, 1367)
upgrade(12.434, 2.350, -0.422, 1537)
upgrade(12.434, 2.350, -0.422, 2137)
upgrade(12.434, 2.350, -0.422, 5195)
place(12.336, 1.000, 2.758, "Electroshocker", 995)
upgrade(12.336, 2.350, 2.758, 1994)
upgrade(12.336, 2.350, 2.758, 1830)
upgrade(12.336, 2.350, 2.758, 2401)
upgrade(12.336, 2.350, 2.758, 7002)
place(15.081, 1.000, 1.157, "Electroshocker", 2565)
upgrade(15.081, 2.350, 1.157, 2190)
upgrade(15.081, 2.350, 1.157, 1891)
upgrade(15.081, 2.350, 1.157, 2290)
upgrade(15.081, 2.350, 1.157, 5559)
upgrade(9.418, 2.350, -3.527, 6163)
upgrade(9.424, 2.350, -6.686, 6076)
upgrade(9.567, 2.350, -9.729, 7451)
upgrade(12.517, 2.350, -3.572, 6522)
upgrade(12.484, 2.350, -6.585, 7019)
upgrade(12.578, 2.350, -9.720, 6399)
upgrade(15.617, 2.350, -3.607, 7825)
upgrade(15.573, 2.350, -6.610, 5881)
upgrade(15.704, 2.350, -9.760, 6378)
place(-31.728, 1.050, -12.486, "Military Base", 3628)
upgrade(-31.728, 1.913, -12.486, 4228)
upgrade(-31.728, 1.913, -12.486, 5024)
upgrade(-31.728, 1.913, -12.486, 4692)
place(-32.106, 1.012, -17.729, "Military Base", 2878)
upgrade(-32.106, 1.875, -17.729, 2478)
upgrade(-32.106, 1.875, -17.729, 3265)
upgrade(-32.106, 1.875, -17.729, 2890)
place(-31.659, 1.010, -22.369, "Military Base", 1575)
upgrade(-31.659, 1.873, -22.369, 3228)
upgrade(-31.659, 1.873, -22.369, 3032)
upgrade(-31.659, 1.873, -22.369, 2630)
place(-26.833, 1.010, -12.946, "Military Base", 878)
upgrade(-26.833, 1.873, -12.946, 3297)
upgrade(-26.833, 1.873, -12.946, 3099)
upgrade(-26.833, 1.873, -12.946, 2710)
place(-27.112, 1.010, -17.707, "Military Base", 947)
upgrade(-27.112, 1.873, -17.707, 547)
upgrade(-27.112, 1.873, -17.707, 1147)
upgrade(-27.112, 1.873, -17.707, 2347)
upgrade(-27.112, 1.873, -17.707, 9723)
upgrade(-26.833, 1.873, -12.946, 10324)
upgrade(-31.728, 1.913, -12.486, 9129)
upgrade(-32.106, 1.875, -17.729, 7629)
upgrade(-31.659, 1.873, -22.369, 9192)
upgrade(12.434, 2.350, -0.422, 15520)
upgrade(12.336, 2.350, 2.758, 16443)
upgrade(15.081, 2.350, 1.157, 15943)
place(9.337, 1.000, 3.607, "Electroshocker", 3943)
upgrade(9.337, 2.350, 3.607, 6218)
upgrade(9.337, 2.350, 3.607, 5918)
upgrade(9.337, 2.350, 3.607, 5418)
upgrade(9.337, 2.350, 3.607, 3351)
upgrade(9.337, 2.350, 3.607, 6318)
upgrade(9.337, 2.350, 3.607, 15784)
upgrade(-26.833, 1.873, -12.946, 28030)
upgrade(-27.112, 1.873, -17.707, 25208)
upgrade(-31.728, 1.913, -12.486, 25089)
upgrade(-32.106, 1.875, -17.729, 30542)
upgrade(-31.659, 1.873, -22.369, 26726)
upgrade(9.418, 2.350, -3.527, 16976)
upgrade(9.424, 2.350, -6.686, 14861)
upgrade(9.567, 2.350, -9.729, 17851)
upgrade(12.517, 2.350, -3.572, 19351)
upgrade(12.484, 2.350, -6.585, 14851)
upgrade(12.578, 2.350, -9.720, 15351)
upgrade(15.617, 2.350, -3.607, 15851)
upgrade(15.573, 2.350, -6.610, 16351)
upgrade(15.704, 2.350, -9.760, 16851)
upgrade(9.175, 1.000, 0.116, 22351)
place(15.611, 1.000, 4.518, "Ace Pilot", 18128)
upgrade(15.611, 1.000, 4.519, 19088)
upgrade(15.611, 1.000, 4.519, 18770)
upgrade(15.611, 1.000, 4.519, 18540)
upgrade(15.611, 1.000, 4.519, 16753)
upgrade(15.611, 1.000, 4.519, 13528)
place(15.350, 1.000, 7.551, "Ace Pilot", 5488)
upgrade(15.350, 1.000, 7.552, 4938)
upgrade(15.350, 1.000, 7.552, 4738)
upgrade(15.350, 1.000, 7.552, 3118)
upgrade(15.350, 1.000, 7.552, 2566)
upgrade(15.350, 1.000, 7.552, 5538)
upgrade(15.350, 1.000, 7.552, 12088)
place(15.360, 1.000, 10.849, "Ace Pilot", 16088)
upgrade(15.360, 1.000, 10.849, 21494)
upgrade(15.360, 1.000, 10.849, 23311)
upgrade(15.360, 1.000, 10.849, 23238)
upgrade(15.360, 1.000, 10.849, 21562)
upgrade(15.360, 1.000, 10.849, 18392)
place(11.956, 1.000, 6.630, "Ace Pilot", 22688)
upgrade(11.955, 1.000, 6.630, 27137)
upgrade(11.955, 1.000, 6.630, 26942)
upgrade(11.955, 1.000, 6.630, 26641)
upgrade(11.955, 1.000, 6.630, 24739)
upgrade(11.955, 1.000, 6.630, 21626)
place(9.258, 1.000, 8.512, "Ace Pilot", 13538)
upgrade(9.258, 1.000, 8.513, 18302)
upgrade(9.258, 1.000, 8.513, 18229)
upgrade(9.258, 1.000, 8.513, 17889)
upgrade(9.258, 1.000, 8.513, 16067)
upgrade(9.258, 1.000, 8.513, 12845)
place(11.629, 1.000, 11.143, "Ace Pilot", 4829)
upgrade(11.629, 1.000, 11.143, 6279)
upgrade(11.629, 1.000, 11.143, 6083)
upgrade(11.629, 1.000, 11.143, 5747)
upgrade(11.629, 1.000, 11.143, 3883)
upgrade(11.629, 1.000, 11.143, 800)
upgrade(11.629, 1.000, 11.143, 1652)
place(15.029, 1.000, 14.122, "Ace Pilot", 9057)
upgrade(15.029, 1.000, 14.123, 12316)
upgrade(15.029, 1.000, 14.123, 13429)
upgrade(15.029, 1.000, 14.123, 13117)
upgrade(15.029, 1.000, 14.123, 10532)
upgrade(15.029, 1.000, 14.123, 10031)
upgrade(15.029, 1.000, 14.123, 2176)
place(8.289, 1.000, 14.510, "Ace Pilot", 5028)
place(3.583, 1.000, -9.734, "Warlock", 14359)
upgrade(3.583, 2.350, -9.734, 20159)
upgrade(3.583, 2.350, -9.734, 17684)
upgrade(3.583, 2.350, -9.734, 20859)
upgrade(3.583, 2.350, -9.734, 18859)
upgrade(3.583, 2.350, -9.734, 29204)
place(3.438, 1.000, -6.593, "Warlock", 15752)
upgrade(3.438, 2.350, -6.593, 22504)
upgrade(3.438, 2.350, -6.593, 24004)
upgrade(3.438, 2.350, -6.593, 28671)
upgrade(3.438, 2.350, -6.593, 29040)
upgrade(3.438, 2.350, -6.593, 34947)
place(3.621, 1.000, -3.469, "Warlock", 25448)
upgrade(3.621, 2.350, -3.469, 27248)
upgrade(3.621, 2.350, -3.469, 29158)
upgrade(3.621, 2.350, -3.469, 23448)
upgrade(3.621, 2.350, -3.469, 11907)
upgrade(3.621, 2.350, -3.469, 20946)
upgrade(3.621, 2.350, -3.469, 32448)
place(3.287, 1.000, -0.419, "Warlock", 18077)
upgrade(3.287, 2.350, -0.419, 20248)
upgrade(3.287, 2.350, -0.419, 17749)
upgrade(3.287, 2.350, -0.419, 11125)
upgrade(3.287, 2.350, -0.419, 10955)
upgrade(3.287, 2.350, -0.419, 30948)
upgrade(3.287, 2.350, -0.419, 18948)
upgrade(3.287, 2.350, -0.419, 30448)
place(3.324, 1.000, 2.814, "Soldier", 34845)
upgrade(3.324, 2.350, 2.814, 37851)
upgrade(3.324, 2.350, 2.814, 37601)
upgrade(3.324, 2.350, 2.814, 39792)
upgrade(3.324, 2.350, 2.814, 34534)
upgrade(3.324, 2.350, 2.814, 19809)
upgrade(3.324, 2.350, 2.814, 19551)
place(3.637, 1.000, 6.180, "Soldier", 30551)
upgrade(3.637, 2.350, 6.180, 35855)
upgrade(3.637, 2.350, 6.180, 35802)
upgrade(3.637, 2.350, 6.180, 35024)
upgrade(3.637, 2.350, 6.180, 29254)
upgrade(3.637, 2.350, 6.180, 14773)
place(0.535, 1.000, 1.164, "Soldier", 27574)
upgrade(0.535, 2.350, 1.164, 40751)
upgrade(0.535, 2.350, 1.164, 40505)
upgrade(0.535, 2.350, 1.164, 42200)
upgrade(0.535, 2.350, 1.164, 36771)
upgrade(0.535, 2.350, 1.164, 23703)
upgrade(0.535, 2.350, 1.164, 23451)
place(0.460, 1.000, -1.989, "Soldier", 43281)
upgrade(0.460, 2.350, -1.989, 86418)
upgrade(0.460, 2.350, -1.989, 86284)
upgrade(0.460, 2.350, -1.989, 85520)
upgrade(0.460, 2.350, -1.989, 79733)
upgrade(0.460, 2.350, -1.989, 65231)
place(0.558, 1.000, -5.384, "Soldier", 90231)
upgrade(0.558, 2.350, -5.384, 96730)
upgrade(0.558, 2.350, -5.384, 97681)
upgrade(0.558, 2.350, -5.384, 97681)
upgrade(0.558, 2.350, -5.384, 100431)
upgrade(0.558, 2.350, -5.384, 100431)
place(0.423, 1.000, -8.785, "Soldier", 120431)
upgrade(0.423, 2.350, -8.785, 121931)
upgrade(0.423, 2.350, -8.785, 121684)
upgrade(0.423, 2.350, -8.785, 122875)
upgrade(0.423, 2.350, -8.785, 117147)
upgrade(0.423, 2.350, -8.785, 103101)
upgrade(0.423, 2.350, -8.785, 103101)
place(0.702, 1.000, -12.283, "Soldier", 110555)
upgrade(0.702, 2.350, -12.283, 126131)
upgrade(0.702, 2.350, -12.283, 126131)
upgrade(0.702, 2.350, -12.283, 126131)
upgrade(0.702, 2.350, -12.283, 154826)
upgrade(0.702, 2.350, -12.283, 154826)
upgrade(0.702, 2.350, -12.283, 154831)
upgrade(0.702, 2.350, -12.283, 154831)
upgrade(0.702, 2.350, -12.283, 154831)
upgrade(0.702, 2.350, -12.283, 154831)
upgrade(0.702, 2.350, -12.283, 154831)
place(-2.172, 1.000, -10.899, "Soldier", 176828)
upgrade(-2.172, 2.350, -10.899, 184155)
upgrade(-2.172, 2.350, -10.899, 186052)
upgrade(-2.172, 2.350, -10.899, 187254)
upgrade(-2.172, 2.350, -10.899, 181622)
upgrade(-2.172, 2.350, -10.899, 169101)
upgrade(-2.172, 2.350, -10.899, 169032)
place(-2.540, 1.000, -5.565, "Soldier", 178840)
upgrade(-2.540, 2.350, -5.565, 180531)
upgrade(-2.540, 2.350, -5.565, 180281)
upgrade(-2.540, 2.350, -5.565, 179481)
upgrade(-2.540, 2.350, -5.565, 159373)
upgrade(-2.540, 2.350, -5.565, 161229)
upgrade(-2.540, 2.350, -5.565, 161229)
place(-2.741, 1.000, -2.305, "Soldier", 173167)
upgrade(-2.741, 2.350, -2.305, 176731)
upgrade(-2.741, 2.350, -2.305, 176627)
upgrade(-2.741, 2.350, -2.305, 175681)
upgrade(-2.741, 2.350, -2.305, 172131)
