place(21.160, 1.000, 21.839, "Shotgunner", 600)
place(15.548, 1.000, 17.984, "Shotgunner", 300)
place(21.000, 1.000, 18.236, "Shotgunner", 262)
place(15.746, 1.000, 15.790, "Shotgunner", 459)
place(21.082, 1.000, 17.423, "Shotgunner", 427)
place(15.700, 1.000, 13.610, "Shotgunner", 809)
place(20.887, 1.000, 15.242, "Shotgunner", 534)
place(13.708, 1.000, 16.979, "Shotgunner", 1048)
place(23.242, 1.000, 17.238, "Shotgunner", 789)
place(13.827, 1.000, 14.929, "Shotgunner", 527)
place(23.183, 1.000, 15.008, "Shotgunner", 1197)
place(21.091, 1.000, 13.055, "Shotgunner", 979)
upgrade(21.160, 2.350, 21.839, 1927)
upgrade(21.160, 2.350, 21.839, 1796)
upgrade(21.082, 2.350, 17.423, 1004)
upgrade(21.082, 2.350, 17.423, 2223)
upgrade(15.548, 2.350, 17.984, 1273)
upgrade(15.548, 2.350, 17.984, 1123)
upgrade(15.746, 2.350, 15.790, 391)
upgrade(15.746, 2.350, 15.790, 1921)
upgrade(15.700, 2.350, 13.610, 1121)
upgrade(15.700, 2.350, 13.610, 1169)
upgrade(20.887, 2.350, 15.242, 304)
upgrade(20.887, 2.350, 15.242, 1871)
upgrade(13.708, 2.350, 16.979, 1261)
upgrade(13.708, 2.350, 16.979, 1136)
upgrade(13.827, 2.350, 14.929, 366)
upgrade(13.827, 2.350, 14.929, 2099)
upgrade(21.091, 2.350, 13.055, 1156)
upgrade(21.091, 2.350, 13.055, 1192)
upgrade(23.242, 2.350, 17.238, 507)
upgrade(23.242, 2.350, 17.238, 2522)
upgrade(23.183, 2.350, 15.008, 1572)
upgrade(23.183, 2.350, 15.008, 1597)
place(15.580, 1.000, 11.009, "Rocketeer", 3228)
upgrade(15.580, 2.350, 11.009, 1888)
upgrade(15.580, 2.350, 11.009, 1878)
place(20.968, 1.000, 10.411, "Electroshocker", 3309)
upgrade(20.968, 2.350, 10.411, 2662)
upgrade(20.968, 2.350, 10.411, 2445)
upgrade(20.968, 2.350, 10.411, 2102)
place(12.835, 1.000, 12.462, "Electroshocker", 2506)
upgrade(12.835, 2.350, 12.462, 2633)
upgrade(12.835, 2.350, 12.462, 2458)
upgrade(12.835, 2.350, 12.462, 2227)
place(12.978, 1.000, 9.313, "Rocketeer", 4215)
upgrade(12.978, 2.350, 9.313, 2567)
upgrade(12.978, 2.350, 9.313, 2640)
place(23.673, 1.000, 12.133, "Rocketeer", 1585)
upgrade(23.673, 2.350, 12.133, 3102)
upgrade(23.673, 2.350, 12.133, 3711)
place(15.730, 1.000, 7.902, "Rocketeer", 2514)
upgrade(15.730, 2.350, 7.902, 1040)
upgrade(15.730, 2.350, 7.902, 4823)
place(13.021, 1.000, 6.232, "Rocketeer", 3413)
upgrade(13.021, 2.350, 6.232, 2798)
upgrade(13.021, 2.350, 6.232, 2734)
place(15.561, 1.000, 5.218, "Shotgunner", 5435)
upgrade(15.561, 2.350, 5.218, 6055)
upgrade(15.561, 2.350, 5.218, 5945)
place(11.657, 1.000, 15.533, "Shotgunner", 5375)
upgrade(11.657, 2.350, 15.533, 8145)
upgrade(11.657, 2.350, 15.533, 8849)
place(23.599, 1.000, 9.427, "Shotgunner", 7958)
upgrade(23.599, 2.350, 9.427, 8897)
upgrade(23.599, 2.350, 9.427, 7851)
place(10.529, 1.000, 13.814, "Shotgunner", 7992)
upgrade(10.529, 2.350, 13.814, 8672)
upgrade(10.529, 2.350, 13.814, 8530)
place(21.869, 1.000, 7.889, "Shotgunner", 12177)
upgrade(21.869, 2.350, 7.889, 12027)
upgrade(21.869, 2.350, 7.889, 12477)
place(10.206, 1.000, 10.858, "Rocketeer", 14374)
upgrade(10.206, 2.350, 10.858, 12975)
upgrade(10.206, 2.350, 10.858, 12948)
place(10.226, 1.000, 7.845, "Rocketeer", 12183)
upgrade(10.226, 2.350, 7.845, 10688)
upgrade(10.226, 2.350, 7.845, 13318)
upgrade(10.226, 2.350, 7.845, 12875)
upgrade(13.021, 2.350, 6.232, 1994)
upgrade(15.730, 2.350, 7.902, 8332)
upgrade(15.580, 2.350, 11.009, 8259)
upgrade(12.978, 2.350, 9.313, 11295)
upgrade(10.206, 2.350, 10.858, 1675)
upgrade(23.673, 2.350, 12.133, 7275)
place(15.384, 1.000, -7.666, "Shotgunner", 10775)
upgrade(15.384, 2.350, -7.666, 10475)
upgrade(15.384, 2.350, -7.666, 10325)
upgrade(15.384, 2.350, -7.666, 9417)
upgrade(15.384, 2.350, -7.666, 6879)
