unlockTimeScale()
cycleTimeScale()
cycleTimeScale()
place(-5.855, 1.000, -23.132, "Shotgunner", 600)
place(-5.688, 1.000, -25.127, "Shotgunner", 300)
place(-11.059, 1.000, -25.927, "Shotgunner", 617)
place(-11.044, 1.000, -23.851, "Shotgunner", 437)
place(-11.007, 1.000, -21.706, "Shotgunner", 804)
place(-11.009, 1.000, -19.572, "Shotgunner", 570)
place(-3.699, 1.000, -25.507, "Shotgunner", 870)
place(-3.583, 1.000, -23.388, "Shotgunner", 788)
place(-10.064, 1.000, -17.684, "Shotgunner", 549)
place(-7.890, 1.000, -17.729, "Shotgunner", 1230)
place(-5.811, 1.000, -17.742, "Shotgunner", 995)
place(-3.688, 1.000, -17.680, "Shotgunner", 768)
place(-1.535, 1.000, -17.586, "Shotgunner", 1328)
place(0.584, 1.000, -17.661, "Shotgunner", 1347)
place(-1.410, 1.000, -23.481, "Shotgunner", 1057)
place(-1.620, 1.000, -25.537, "Shotgunner", 2273)
task.wait(1)
upgrade(-5.688, 2.350, -25.127, 1973)
upgrade(-5.688, 2.350, -25.127, 1991)
upgrade(-5.855, 2.350, -23.132, 1083)
upgrade(-5.855, 2.350, -23.132, 953)
upgrade(-3.583, 2.350, -23.388, 1244)
upgrade(-3.583, 2.350, -23.388, 1514)
upgrade(-3.699, 2.350, -25.507, 571)
upgrade(-3.699, 2.350, -25.507, 2130)
upgrade(-1.620, 2.350, -25.537, 1771)
upgrade(-1.620, 2.350, -25.537, 1651)
upgrade(-1.410, 2.350, -23.481, 1064)
upgrade(-1.410, 2.350, -23.481, 2776)
upgrade(-11.059, 2.350, -25.927, 1982)
upgrade(-11.059, 2.350, -25.927, 1833)
upgrade(-11.044, 2.350, -23.851, 957)
upgrade(-11.044, 2.350, -23.851, 987)
upgrade(-11.007, 2.350, -21.706, 198)
upgrade(-11.007, 2.350, -21.706, 2120)
upgrade(-11.009, 2.350, -19.572, 1172)
upgrade(-11.009, 2.350, -19.572, 1172)
upgrade(-10.064, 2.350, -17.684, 393)
upgrade(-10.064, 2.350, -17.684, 2096)
upgrade(-7.890, 2.350, -17.729, 1728)
upgrade(-7.890, 2.350, -17.729, 1597)
upgrade(-5.811, 2.350, -17.742, 695)
upgrade(-5.811, 2.350, -17.742, 988)
upgrade(-3.688, 2.350, -17.680, 3111)
upgrade(-3.688, 2.350, -17.680, 2962)
upgrade(-1.535, 2.350, -17.586, 2087)
upgrade(-1.535, 2.350, -17.586, 1962)
upgrade(0.584, 2.350, -17.661, 1251)
upgrade(0.584, 2.350, -17.661, 1177)
place(0.754, 1.000, -23.260, "Shotgunner", 321)
task.wait(1)
upgrade(0.754, 2.350, -23.260, 231)
upgrade(0.754, 2.350, -23.260, 2858)
place(-10.135, 1.000, -14.755, "Rocketeer", 2248)
task.wait(1)
upgrade(-10.135, 2.350, -14.755, 938)
upgrade(-10.135, 2.350, -14.755, 4091)
place(-6.887, 1.000, -15.034, "Rocketeer", 3122)
task.wait(1)
upgrade(-6.887, 2.350, -15.034, 1715)
upgrade(-6.887, 2.350, -15.034, 1885)
place(-3.875, 1.000, -15.178, "Rocketeer", 1035)
place(-3.696, 1.000, -14.907, "Rocketeer", 4321)
task.wait(1)
upgrade(-3.696, 2.350, -14.907, 2871)
upgrade(-3.696, 2.350, -14.907, 2634)
place(-0.669, 1.000, -14.966, "Rocketeer", 1664)
task.wait(1)
upgrade(-0.669, 2.350, -14.966, 3104)
upgrade(-0.669, 2.350, -14.966, 3673)
place(1.856, 1.000, -13.257, "Rocketeer", 2263)
task.wait(1)
upgrade(1.856, 2.350, -13.257, 1533)
upgrade(1.856, 2.350, -13.257, 2250)
place(-11.985, 1.000, -12.207, "Rocketeer", 3891)
task.wait(1)
upgrade(-11.985, 2.350, -12.207, 2551)
upgrade(-11.985, 2.350, -12.207, 2381)
place(-15.179, 1.000, -12.327, "Rocketeer", 2393)
task.wait(1)
upgrade(-15.179, 2.350, -12.327, 1109)
upgrade(-15.179, 2.350, -12.327, 4382)
place(-13.775, 1.000, -9.486, "Rocketeer", 3565)
task.wait(1)
upgrade(-13.775, 2.350, -9.486, 2132)
upgrade(-13.775, 2.350, -9.486, 1907)
upgrade(-6.887, 2.350, -15.034, 6977)
upgrade(-3.696, 2.350, -14.907, 8036)
upgrade(-0.669, 2.350, -14.966, 10293)
upgrade(-10.135, 2.350, -14.755, 10194)
upgrade(-11.985, 2.350, -12.207, 2533)
upgrade(1.856, 2.350, -13.257, 6756)
upgrade(-13.775, 2.350, -9.486, 6736)
upgrade(-15.179, 2.350, -12.327, 7736)
