place(-5.556, 1.000, -26.486, "Scout", 600)
place(-5.360, 1.000, -23.374, "Scout", 355)
place(-11.120, 1.000, -25.769, "Scout", 362)
place(-11.095, 1.000, -22.643, "Scout", 467)
place(-11.267, 1.000, -19.554, "Scout", 332)
place(-2.301, 1.000, -23.091, "Scout", 597)
place(-2.407, 1.000, -26.325, "Scout", 509)
place(0.811, 1.000, -23.206, "Scout", 310)
place(0.795, 1.000, -26.388, "Scout", 870)
place(-8.596, 1.000, -17.962, "Scout", 649)
place(-5.577, 1.000, -17.913, "Scout", 429)
place(-2.409, 1.000, -17.946, "Scout", 1134)
place(0.675, 1.000, -17.937, "Scout", 930)
place(-11.208, 1.000, -16.343, "Scout", 719)
place(-8.351, 1.000, -14.748, "Scout", 562)
place(-5.155, 1.000, -14.818, "Scout", 1178)
upgrade(-11.120, 2.350, -25.769, 1257)
upgrade(-11.120, 2.350, -25.769, 1107)
upgrade(-11.095, 2.350, -22.643, 607)
upgrade(-11.095, 2.350, -22.643, 637)
upgrade(-11.267, 2.350, -19.554, 1473)
upgrade(-11.267, 2.350, -19.554, 1323)
upgrade(-5.556, 2.350, -26.486, 823)
upgrade(-5.556, 2.350, -26.486, 799)
upgrade(-5.360, 2.350, -23.374, 393)
upgrade(-5.360, 2.350, -23.374, 1861)
upgrade(-2.407, 2.350, -26.325, 1421)
upgrade(-2.407, 2.350, -26.325, 1271)
upgrade(-2.301, 2.350, -23.091, 921)
upgrade(-2.301, 2.350, -23.091, 968)
upgrade(0.795, 2.350, -26.388, 515)
upgrade(0.795, 2.350, -26.388, 2070)
upgrade(0.811, 2.350, -23.206, 1621)
upgrade(0.811, 2.350, -23.206, 1471)
upgrade(-8.596, 2.350, -17.962, 1331)
upgrade(-8.596, 2.350, -17.962, 1181)
upgrade(-11.208, 2.350, -16.343, 851)
upgrade(-11.208, 2.350, -16.343, 711)
upgrade(-5.577, 2.350, -17.913, 216)
upgrade(-5.577, 2.350, -17.913, 1949)
upgrade(-2.409, 2.350, -17.946, 1449)
upgrade(-2.409, 2.350, -17.946, 1299)
upgrade(0.675, 2.350, -17.937, 849)
upgrade(0.675, 2.350, -17.937, 812)
upgrade(-8.351, 2.350, -14.748, 537)
upgrade(-8.351, 2.350, -14.748, 99)
upgrade(-5.155, 2.350, -14.818, 2122)
upgrade(-5.155, 2.350, -14.818, 1972)
place(-2.082, 1.000, -14.922, "Hacker", 1871)
upgrade(-2.082, 2.403, -14.922, 2828)
upgrade(-2.082, 2.403, -14.922, 2228)
upgrade(-11.120, 2.350, -25.769, 4627)
upgrade(-11.095, 2.350, -22.643, 207)
upgrade(-11.267, 2.350, -19.554, 3426)
upgrade(-8.596, 2.350, -17.962, 2631)
upgrade(-5.556, 2.350, -26.486, 3545)
upgrade(-5.360, 2.350, -23.374, 2453)
upgrade(-2.301, 2.350, -23.091, 3764)
upgrade(-2.407, 2.350, -26.325, 2328)
upgrade(0.811, 2.350, -23.206, 3822)
upgrade(0.795, 2.350, -26.388, 2703)
upgrade(-5.577, 2.350, -17.913, 4664)
upgrade(-2.409, 2.350, -17.946, 2539)
upgrade(0.675, 2.350, -17.937, 2377)
upgrade(-11.208, 2.350, -16.343, 3575)
upgrade(-8.351, 2.350, -14.748, 2372)
upgrade(-5.155, 2.350, -14.818, 5902)
upgrade(-11.120, 2.350, -25.769, 8013)
upgrade(-11.095, 2.350, -22.643, 6993)
upgrade(-11.267, 2.350, -19.554, 5508)
upgrade(-8.596, 2.350, -17.962, 5886)
upgrade(-5.577, 2.350, -17.913, 6180)
upgrade(-2.409, 2.350, -17.946, 6266)
upgrade(0.675, 2.350, -17.937, 6386)
upgrade(-5.360, 2.350, -23.374, 6674)
upgrade(-5.155, 2.350, -14.818, 11924)
upgrade(-8.351, 2.350, -14.748, 11924)
upgrade(-11.208, 2.350, -16.343, 9174)
